794
8263870
9019504
8003335
2211943
7167827
8644021
8383603
6195721
5624336
6282079
5831669
1989107
1093352
9653517
5179992
5777957
2075139
4068318
8661784
378648
1719669
479771
7256330
2017403
1305968
2194694
7445156
598635
5883964
2521371
903435
5188591
7816959
9376686
2265877
2703139
622841
8874817
6331133
1389444
4989515
5569
6884737
7826217
8651639
2894933
2484018
5444546
4731529
8382520
2487967
3657580
2506485
9534800
6300363
3476576
8135757
6735531
4482521
7713097
6459382
5587194
5951280
2039135
2202320
7998461
9032857
8982469
8499743
9563521
2128124
5595684
7353856
9100782
8626891
2339602
5313929
8689700
1599075
6648416
7373778
7723435
2881986
8664595
587320
7936951
4103360
4444947
2032104
4161919
4927880
6913174
9772583
5239057
7934369
6398548
9260120
5772379
8423097
7045471
3110865
9108611
3330127
3250765
9944041
6855407
770714
7882102
6978895
2077396
4448572
3690169
341211
9253721
8177382
2283848
2496783
1180953
859275
37965
7362828
5083080
928774
6395810
1319404
6057172
6314944
7243648
2072018
8855195
9183780
9492472
1261350
5890605
5650259
1212300
5747005
6687329
7957213
5791054
8768472
5345303
5761182
5739551
9116772
7188379
1690090
8621879
7053737
3381793
5323271
470834
7526149
2381798
6445609
7003080
1429539
8930550
5962780
5493562
7357961
174646
182805
6789158
6669732
6741860
8038514
6628331
7367454
4306294
8546530
2415720
5547107
1652054
1353543
903434
5135906
7618054
3044461
2391223
497452
7564365
1204734
2815862
3841512
3521612
1426266
5128957
474127
389656
6435506
2986232
9198684
3518963
2949128
7804048
6709872
8900581
3414824
9186973
66487
6060147
9590782
6940822
3402625
8877732
3832226
5381694
3663724
5234645
8314990
9387807
6670841
9307126
1713852
9739985
3899782
472898
1784190
4598609
5564685
638765
9565829
6304390
1475096
7358423
8556773
6821410
5510710
5233016
9127173
2315514
9551489
4446212
2759806
1051272
3170872
1043291
6216587
7223611
1656334
6738463
7278016
5913104
2399083
6115836
1444139
976696
700332
7263017
3418559
5682074
8693550
7714578
796191
6867635
8689416
7553439
7666139
7129465
4191412
4561839
9646764
5513026
8004026
1270799
803616
1201466
3712587
1694996
8719909
210032
376293
4159787
7453012
129812
4442518
6570383
6836040
8795128
7317941
8075656
4334725
7669795
9873732
3064792
5694441
7485139
3972888
1195816
3582733
4787681
6698106
9548263
6193470
9543189
3221179
176121
1678867
3590862
5383125
6909731
4310793
3626812
4561324
4922472
829194
4313423
8771554
5405397
8453740
8814400
5897350
8355181
3385531
4690284
8155626
5983311
3639568
6312224
4348373
4979993
9815184
9463461
3117997
5116106
7895784
2887394
9941677
8338878
7568953
6050331
8484699
962723
9598964
7733713
136966
4372343
8020583
8813937
4341580
5638984
2067919
8521802
9746927
4513699
1163075
2907237
7032713
7305769
7208369
9592224
8694414
7053207
924513
8937472
6307466
5894442
1368312
9041320
4242784
2394587
9331475
777255
497009
9393699
7396124
2646707
3117908
6619324
4299403
5406883
6225088
3192067
4868877
3358273
3830857
7666587
5268668
3852204
2344342
476809
5770003
2197285
9626863
4226215
5118709
4444746
8980247
3261858
3223078
7572395
7190443
8991612
7562019
2491270
4067011
3991730
128436
5232058
8733310
9735798
9891010
453455
6810589
7802328
5740736
6830276
4148116
964324
1382861
2972163
8083082
7972122
3493074
8349194
9372697
2120314
3059070
4107299
5970543
9601524
2416416
3297032
4128573
5172087
8496316
8286972
8583457
9552384
4750916
9745311
677387
3407216
2771876
1224344
3202303
9120766
9045747
2070559
5082466
7725234
2788309
1047882
5636838
499201
2383940
2219175
2974946
3135618
1533067
4508675
3453966
9952250
7251919
6455832
5119398
5455956
4490081
8447231
9291369
6638949
5377391
1577024
4112217
6296481
9678525
9241820
6722848
4370866
9192406
9927417
6367839
2579097
2365695
3550754
2778455
7989840
8665015
6075196
4176975
1586678
5310557
5542010
1549528
9110994
3399436
692406
1402263
5758105
8245925
1827941
9697702
6727652
6453812
3335369
6951215
8020454
9902322
9503084
8906865
941936
8589029
2242917
3253243
7684987
6318728
3381686
4695374
9128185
4985214
6113356
5790765
9743296
4392019
2818692
1399025
4753396
8743379
2234484
3869953
432856
2662917
4362158
6233789
4277131
552662
2067057
8325405
2306254
8489705
1822651
5208592
8928107
5175111
8657281
3513924
9944018
4260612
7806391
4358653
6730996
1697535
3059898
5181912
3017094
3226058
3794940
9065018
4013147
2422367
2563493
1190832
7265467
7356437
2117159
2113708
7775033
1175282
8998698
1129232
2018063
6052649
577943
3531487
3121958
7466627
2653163
7681108
9118658
6447338
6451556
3171091
7497882
5494695
8868911
3609426
2026291
351729
6643854
3692065
2911809
1911692
2316707
3919296
7892292
3995053
1314603
6061532
7498913
7158489
5833559
9205012
6551254
3986888
5131404
446131
7755327
7945977
7043566
6171423
8656768
9399874
3330055
1786182
2481633
8124709
2274782
4326377
9759918
2363415
8014529
9835064
3465064
6914672
7585060
5186734
9485390
6035860
8158466
3513164
9745344
5789986
5151519
7483886
9374284
8753082
7784214
4971309
8064185
8995609
9342356
9362847
2001023
9729419
4480250
6003029
2285736
6885067
6739369
1672464
6175457
9850122
3413050
9655092
9440737
774668
4758342
7430442
3053338
8027397
9466461
7621202
4189218
3049265
748137
6174557
8219397
3947816
9237930
5235207
3572881
2972252
5112404
6300251
4175205
8965694
1492763
8804167
4491632
3248358
7472134
6817193
2308327
8071042
5202761
9725579
8203587
9841649
8239980
9231517
8022960
425344
3604327
1887887
3408053
2939406
6455431
516551
7497967
8660015
8171732
9298353
9377315
9863373
4087223
2125081
6712632
5513031
3368326
6147434
973868
2428385
8386011
7480137
7088467
2385024
9974839
6201470
265040
7996589
227981
8882706
3427723
6413336
1676386
2685219
3557798
6828316
2375860
728908
6821817
6176118
1354747
4246567
2305807
6548903
7251132
6660574
1586948
5730779
9500481
1090327
3981807
1284877
6943425
2100740
8707547
317790
7660155
829869
7621257
2633298
3697497
5037561
3933639
7644864
7159192
2878495
8625463
3496357
3845351
8560401
484502
2470464
4852140
5197991
9181247
404188
2684064
2500266
715291
4231971
5022818
578657
8175581
9430349
8950046
1516550
5421251
1933432
4758098
7714489
6810969
680853
670068
679432
8310070
96137
2532533
9798410
1072570
1951952
9051906
2822953
1734291
8926452
8933056
9823257
5353678
9106831
718322
2246626
6990485
