273
447151
8652052
7359748
4463641
1683230
5940098
5551673
6207599
9121999
4160853
3853135
4968391
1631946
4960481
2058648
6278957
917378
566495
4537976
238072
956376
5224132
9449292
3871488
7918537
8958580
7599375
7863647
1217817
591780
2479936
5126662
1259008
7698147
5945884
1725187
7004712
106515
9007495
3722903
1201973
6620031
7090281
7410756
2254446
9667889
2879439
2793609
2650460
2164483
3017870
1491180
494561
3402247
650441
1511713
3937589
9448528
18046
171323
8848372
6973853
1147455
6205269
3019584
5490196
6878523
7718933
3622138
9931848
973215
7130043
8734695
1621538
3507430
8900075
8848867
3508306
2721272
2885776
9992359
9760746
1049897
5193544
3765062
3504301
8828758
8381314
8044146
3926022
4713079
2706805
9456305
6146883
6894920
7461035
6117914
633028
4320101
8739861
2127887
5989523
5554097
6637557
1829934
7861766
1927801
2551928
5378783
6910261
9062486
3991270
7915891
3750492
1669436
9513528
1740271
8085637
9768697
8660341
9221490
4222867
6288251
1785845
5509025
8362044
8612429
757858
575569
8867523
340656
3468638
1762476
554630
93952
5377000
5774588
7883221
1721409
3979827
4202574
2308534
7725962
8410893
3071735
6563048
7206055
1849481
1266889
5899270
677922
1046113
594510
7661032
6104557
9342400
587475
1975692
4202347
8760931
2741772
5942031
9255804
3371549
6143054
9453258
1768191
1306369
3817925
5879962
1598091
6951429
9422505
9340093
245519
9987352
6868699
4945761
5165473
1390226
4094065
1906666
9307108
4922460
5527387
9540063
5048842
9653514
6811145
1866058
3739882
5276178
6382541
6925831
4155373
1356681
1599294
5395814
729620
1860316
185026
4643559
9835882
5950373
4220920
4993954
578638
414891
7712213
4032773
5459258
3495596
6853622
8066043
7823292
1530790
4253117
6685787
8315527
275271
9924825
8720091
7871962
4999941
1677230
3789172
1412521
9100595
8882183
2901083
3586980
3176072
8088339
2515369
6240044
480992
743466
1816135
2015403
7681171
5608314
162831
8209751
970750
6738144
5087797
9835719
5294761
9038139
1877897
7491140
5622032
1043067
9648095
4932514
2187160
1050394
6782435
8789819
5251657
6382944
3133603
1494961
9789501
7813171
2403664
8552389
1183181
7948103
9116735
4678192
1482239
911490
