248
6464326
2976535
6664706
1904471
4583381
1880458
2459622
1981460
8685172
3015809
7729191
2509551
315098
4426252
3870848
7591135
5303437
258138
9178247
9552504
8954104
5638974
1490634
4029029
1650069
9606679
8037849
958267
2913488
3883008
3640139
595245
5300887
2772280
9903540
4150773
9166654
7273747
4438782
4466524
1829147
7628244
1305429
9880556
208674
5265281
7853925
7284341
4128386
9856616
7032278
8732181
9629859
2743034
3798409
8272848
2809135
55250
4725695
1938586
361089
2974742
3021408
7857107
8171098
2212101
6329025
7298172
1490800
4424912
7794838
928386
4591451
9637307
2244509
8530298
85831
9595904
7770771
7536678
9367125
2506663
5473731
9293372
2907569
9581740
9628479
7607030
9420811
2067470
5440370
7525256
436941
8716817
8622729
4414811
4364140
4582466
3623512
1781607
424861
3945078
8531674
3371857
9088295
6510612
1476783
998153
1935894
2416277
8328197
3943069
4680649
56526
9635740
6682912
6049662
4277225
9294065
3465690
5089383
9396133
3888655
4081109
2912519
7698283
9764756
1407502
3296825
9733065
6133601
8770082
940783
3852410
4382024
3434670
5887167
7295957
6208251
1248074
3166383
3544763
3168093
5950670
7151483
374816
701775
8948035
3545207
2937019
9344998
1820194
5389380
7863753
6880554
7338385
3220089
1055836
1893113
4625994
6991162
8791842
2421193
5129233
7243618
5900138
4031276
7574299
9413403
7804516
6696149
4097214
5929695
635869
6991290
936226
6601202
9248805
3829210
9604938
1183455
3293991
4205437
6911266
1689496
5900185
1810424
9771883
3140917
3132558
4175733
279146
8295981
6744062
9787427
9193128
7211769
3617052
1036818
8009498
7866477
5921745
2059556
5307954
1627444
4249078
560542
6738755
9722547
7263279
4519918
4943354
2185820
3307111
4584446
5977719
9934734
8546665
7037996
846501
8265305
6694016
1083629
8701162
50022
3895377
2135506
306900
4508928
7038766
7214045
1124585
5053378
8496885
1925549
1054012
1931155
6901689
7031196
4743381
32667
2509736
7567379
6547724
6881246
9430996
1392791
3895262
