220
3806380
599203
5235183
9080502
2322593
6744134
7982517
7096040
8159827
7302362
623075
4648564
9482796
629184
7891557
4987898
2030650
8411595
624581
1686063
5211219
9130701
6046489
613799
2452250
7902981
7263368
8177980
3238067
1565924
2285703
7148564
5489040
88583
4074045
3154799
2379754
2508058
9611069
3147970
1768913
3223780
2392257
913996
7897411
9222678
3700411
8174740
8583850
4464297
3285765
2406348
379875
3090769
7761745
5478413
3303834
6426320
7310352
4811482
1300748
4464138
445501
2438270
2381235
688654
1734079
4518697
7972872
8740752
9991450
8953938
97411
9957793
4292848
3531305
4432640
5476378
3735063
8112132
7644571
802711
3459254
6054245
3419648
5815034
5324482
9452904
9459502
7506739
9943436
5074873
8945007
12944
5375737
6453213
1283705
5341324
2369978
7841070
8722754
1545912
7660155
9771157
9428885
9706939
7798814
2795429
2215027
8970103
2973766
1260057
208180
6573027
2518520
6215610
6011602
6728709
2964314
9253671
1992394
1330513
3545462
1270840
9685555
7893966
8166022
2239974
8070268
6631442
8737990
8863862
3522181
3593708
6254430
7255310
9940200
4469994
8240857
7896423
5900568
5031362
3637552
4948436
8662714
5730696
4065068
7219119
2429931
4755643
8713819
3436441
7902828
5744349
9547006
5297670
8492222
2954157
1503580
1696433
2442683
9648918
9186744
9670937
5185488
2270686
7364548
2007457
8853520
6577571
9957401
6700410
5628817
2847320
5545634
7579346
2739392
7063689
9271220
1338057
9042423
4549220
1701318
3753762
3739555
3368756
6303915
8153077
1625721
8155601
1974715
993150
4455206
5562808
7638192
153632
1530437
9770916
3349945
4036431
6130887
717320
3597762
8940213
5882619
7755837
9135901
5298981
4362105
1541056
9621440
3092863
8086652
4949144
6298872
2471585
5397601
8289429
2822426
1721267
