162
1322132
1963247
3173875
3354742
8092797
1852913
9788606
2431604
955864
428915
9047578
5532495
852682
9494613
480329
7468561
4530197
732510
7187225
6897718
3680396
8967047
1495444
291893
5757480
7935189
2141507
5443847
1666867
7534678
5405983
1666740
8772928
9589878
5446706
8192624
5337504
3116630
8053849
2590556
1233994
6008343
6691734
6098257
5004123
7066372
6469686
8399876
3177698
9850491
429490
2326784
9899262
5569579
7391325
709788
2386294
8310037
4100430
5751946
4724013
2881825
1307312
5979545
3589637
4453542
3205421
9520719
9415329
5038672
1535189
5897435
4155137
5693107
3054205
7029345
8940112
7648397
6482188
3728528
2749954
1561679
3515591
227318
4155496
4077079
8802306
6751654
9297606
8477980
8650481
8409672
7830749
4552558
8581945
5083131
6815417
3009062
63793
7787323
4875200
5886641
1198819
1621552
9969886
8005148
4516157
1878069
7130786
6399806
7201143
6628593
5211459
3732012
543501
8715093
9885049
7507594
8232422
2889194
460463
2950390
7499814
2337717
5698773
2232672
420388
6839757
7688235
7132203
8800719
6858607
9374176
7111292
2849828
4427251
1607762
1160378
4865904
3943991
7491379
263592
2087154
7825053
913857
6309787
7548784
4020191
5789389
7496125
8029060
4008656
626122
6375367
9355192
6834016
3827564
308827
7392127
2282760
9829338
8202563
