979
1276575
3233084
101891
9797747
4453056
7471939
6848289
4280632
6224830
1971450
8058135
9698218
4886335
6405165
3202145
9954344
2239791
8339197
8552612
5041555
3110856
2412008
8573959
3938961
3884158
7219242
2600325
4494685
9627654
8560078
5516988
3249486
7102168
9343342
8268804
5719050
5758101
1614745
4911892
3366067
2686036
9414275
8933302
4227424
2773351
8860990
2337559
258953
5970329
908719
7988554
9658241
9737009
4275155
6374024
3855266
9247032
9771072
7772989
1881029
3394973
2141531
8419192
8591243
1806418
6675264
4861669
8159220
4434467
6941013
6864066
573778
8926136
2024183
2164419
8924602
6470274
3706852
2745848
2733754
8560000
8497150
3364313
3818278
7055551
5407978
3164862
702231
5044482
1074694
5178192
4394905
4426111
2449273
9125907
8925945
161744
5620729
5479672
4716643
1637020
3114114
8829082
9367392
9472041
7690380
8887802
7097386
4172869
938635
5215228
7839938
6876035
6387729
3286109
6445359
4283403
8806172
345599
9978464
7210681
1188468
7522764
3478587
1255118
141356
4164259
1643492
5461311
7826674
1075575
572550
9774867
5905479
4374281
2189756
3982630
9425799
3701328
179682
5691653
1333158
2902031
9660337
1537787
8234942
8199330
8566278
6564927
51804
4010334
8818797
5208824
3243624
5463185
7375205
450055
9522912
3224156
8401916
4551660
1316381
6465057
9630618
8359777
7495021
56148
4617156
6648957
2154828
9594674
4173021
7511640
8160318
4017289
1049428
2143184
8985662
1808533
290529
6503282
8186229
476454
5580138
4789701
5040789
399726
9499589
4614897
7561670
3001391
7327573
4463566
6191455
8289731
6454564
579241
4984238
5011230
7985648
4608510
2609789
6797745
4743752
9573151
1901725
3664149
7650106
1420199
9530449
7810265
5582242
8900721
1811744
9576367
6913850
5453668
5913485
6739599
2337284
4951808
9090066
9471540
9161404
2339923
7470429
7452740
2423821
6624599
5734656
494057
9797459
575887
4031911
862645
1572301
6960273
84180
7080054
9141696
6018994
5710364
4147591
383622
4112480
5560845
5266368
9441858
9376192
4956788
8406894
9834981
7903492
2577386
1523217
3590166
9129357
1809353
2985114
2470486
9084287
9340624
8938040
5868644
1570893
7993738
5457254
7994699
1730555
6373022
2935626
1155221
2393675
3941507
1427960
7670681
9318480
1789002
9339955
8729861
3832848
4392322
1583952
1534835
2295780
9047353
204993
3184261
4831153
892816
3469318
7309729
8211966
583895
302622
4524086
129911
3400574
9778
8210906
2455233
5859477
8853841
7577665
6735390
4387436
3113555
2194348
2220508
5814337
9201059
1429551
4197963
8209372
3609496
7899898
8571193
807488
1148787
1538437
8144613
7324255
905596
2290263
6256516
1045792
3306865
1117007
3629820
9005788
6047939
2652853
2338544
9754249
2047357
4787697
8707402
6292720
6773584
1384206
9414626
4975324
8501417
8514260
5797365
2144018
6338730
3367797
4935581
2750805
1977553
949686
3660357
6431681
241000
3672864
8471451
4025087
9549149
603241
1997131
2383858
3764667
6943050
529188
9215656
1086855
4826304
633243
2905591
3256689
6630117
7058937
6631066
6099183
6252928
7234196
5581332
4759505
4013740
2754439
7482346
6951972
8307041
4158760
3449131
9527353
571510
9874537
7098798
1198123
1897403
4004121
9423757
2444624
1701994
497636
7386268
6800129
3266494
686471
2658190
9849215
6239001
1042766
2750687
5026680
7827852
7277285
6050118
1958666
3011164
6298606
7748027
5037055
376587
7824613
913510
9760924
5794415
4929038
6889742
1410195
4472315
1489824
1404940
3908181
581269
5528927
5529679
957733
2290003
3577222
341470
7060431
2392187
7562920
1352348
6874960
4899478
211770
9887963
6708248
3439520
567215
2046484
6683620
5944924
6912077
6101894
8766632
1172569
2682499
8400268
1634023
6598899
1028940
41670
6787500
1821266
2623758
1619447
2860571
1190872
1067126
3858399
7600004
9184665
6717411
761909
7241827
660651
8103627
1459352
618814
1509609
1601786
2857062
7583186
250769
4905822
9476811
4192954
8564901
7183231
7069849
9661468
5988866
2655091
5271577
4785786
906391
5821164
9849970
8597997
5985913
9956998
7284768
9724724
6761834
895594
7328710
1201030
8265935
2784858
2572600
6085296
3184867
2349434
6878981
7476090
4035087
990029
6732145
1898538
5165112
9914518
1210450
3674532
8011078
8379830
1355097
15753
8278879
8526434
4958246
7802906
2170826
8028976
244857
5155521
7898134
42960
5051510
6813342
6173687
9862486
3072761
570376
2999245
6973556
7098241
2311044
6954200
9371327
9646832
21691
2323215
8703881
6485020
4889243
6626527
8719046
5664244
1836694
1131396
156788
9880233
8049549
399929
189761
6570864
3836852
1605007
162519
4713769
6074662
27900
7445429
2135997
2058374
6907494
361970
8400875
8899870
561635
5226127
1304453
8796496
8847426
3360018
9956172
8956419
8337263
3859150
6346010
3161312
2553336
1437762
5698865
9543667
1530211
1658827
1243400
1936463
5723274
6284330
7126807
9445819
9673034
8423587
4609786
7683589
2374292
6927001
5290712
5382266
9453175
7470519
8770748
854861
4282327
3676554
6234003
2300213
2414612
1431069
6678046
4986558
4939073
969311
3713643
7062210
8312493
9390586
8929676
1788300
9900496
2572547
8048380
8846264
430328
3482430
7722398
9921399
6629112
3948098
4050706
3635236
62062
8877881
5484243
9075960
5968068
5005706
571293
2282219
9704023
4509068
4494277
7004254
6625364
2112198
7498343
7871552
5533624
8929305
794274
8215542
3512830
4047531
7760473
1685748
40396
5959485
3727463
3335990
5249948
8154035
1581276
664036
4705892
7123388
1590197
9547962
6632297
962996
5898626
5995760
2626529
3151447
5392806
5903595
5887214
5833634
1989062
4261029
6691632
5478368
4661981
8819728
4581953
5047389
1138675
483939
3888054
4272433
6557949
3659225
5816730
8755302
9702608
1631409
2845556
3131037
825573
2652451
6257434
557026
8308350
9135372
7001911
1289272
5127249
5144026
4758105
8989510
7025116
3557405
8200522
3497981
8605211
6079631
6106260
6348309
7929034
3509574
7739686
9439959
8749475
7415354
840919
1786426
7209578
2161486
9280646
973166
3403762
4845258
679726
2865979
7607108
4022623
261677
8672397
2624674
5025328
6452455
9781928
4397559
6409103
4415447
8617128
2548344
2301447
7295092
8402103
7917465
7983034
5263968
3990228
9499818
7864135
1922872
3384374
3598597
6508965
3542037
1091758
8961482
9716733
8039513
681835
2421490
6545866
4244606
341983
5836441
9767385
3408130
7161954
6266389
1515213
1382384
3115963
1509415
7027073
2826147
623099
3321288
6113462
5299462
9807622
5028436
2415640
5940999
2110690
6298411
3933717
4729640
1485346
6671456
9249631
7602736
2410149
5158238
2026587
232331
6555645
7345905
7650829
5158125
9170537
66709
585422
103018
9660016
4466747
3908414
5345186
8828710
792108
4204880
7543657
2801544
5225071
4369062
4080658
310457
5741119
9063763
4639936
5970679
4539776
9715469
8035314
187558
1602366
8180289
7954994
79516
9481419
3337261
4045137
2464905
4491341
8883763
754911
6099600
2164801
2741362
9740682
2927701
8818663
7791843
4774681
5343272
8392867
4600241
3315139
7496990
716659
2271582
6354829
8351823
3507206
9055944
6090957
4762079
1863577
6614774
2445717
1939976
8952322
413683
8310362
7846713
6122029
8384696
6133399
5799047
468249
7526608
6511034
2822060
3877574
1058712
4866448
7270334
319357
5258637
665324
9128002
6748589
9044230
1437564
4212489
3109154
5097634
1732044
9681219
1496827
2496022
727873
8688226
9723575
2871580
863084
7559416
1960970
2732848
1755789
252623
7571243
8445468
3195937
9862192
834473
4067215
4941288
6244611
3054775
4487073
2221678
2145649
3023376
9104459
2138792
4893852
6688221
2661370
5194820
2774980
7786968
7764419
5799225
1391769
5121680
3547023
8136955
7729911
7128781
4596685
3314333
1233580
2902977
8214743
7252281
9635717
6370564
8354577
1214852
1677798
7879190
3842130
2827412
4120943
2186558
5574258
1411585
2352963
1411151
7557132
1461674
1805895
374643
3995355
7674426
464287
8714310
1688390
309017
5709060
2113073
1075429
8603617
4067147
8545458
5372679
