310
8135308
1057358
9604170
7294206
6736812
2155702
1015566
6227563
9846266
4615867
2548399
2463646
4322910
3651282
1083005
1728382
9141137
5643842
3634065
579422
6320205
867595
4455671
8222001
6106277
6017171
1831778
37048
8046808
6207298
7579607
146390
3216991
9695700
1952385
2650541
9637272
3771874
5473901
3721732
7687337
7886188
3503207
4312741
3123970
3461659
299654
5840288
4275966
8887495
1101424
3881
1775843
4652604
6002191
8484545
9988521
8964002
5269945
86099
5498805
3567070
1741703
8113781
1361142
6388524
6114627
8596786
8177102
4240349
2931435
6675781
4421480
6948855
3714380
1094373
4721794
4498643
2268748
2234032
8151064
6217862
8957253
4491779
2632066
8994919
6942464
7230433
6674045
4343230
7218790
1914824
4301360
6145817
8189178
3989159
5103192
2677922
4833053
5451184
4727559
7203790
4923749
8346207
8391039
7239070
2411660
8680901
307407
4772336
8475541
2859902
3205655
2103395
4194492
3761010
5225531
4683920
1944629
9576043
8481519
6702691
9247691
4214146
7711662
1501816
868880
2321136
729666
3010065
943169
5280493
9732822
739534
6021591
5567781
3335483
245053
4457599
4479380
8657102
9927272
7779125
948589
1442946
2818617
5846563
5194599
9634117
1279310
463265
2196944
7517894
335249
4637545
3942156
4468844
9389154
7054555
9757988
9937447
2728940
4754713
4954702
3536559
3955029
7367776
9467197
9463659
1138815
2374242
4709884
4213722
9088751
7867339
7479106
5530066
720131
585057
3806035
2748799
2791026
2387125
1144470
1460177
2542430
3352122
6675709
783047
3369036
6327764
9005712
1153896
3834735
2731561
9066438
8192977
4386716
8655184
9786571
2048326
8527869
9288836
2125532
4517552
2703655
5379557
6028318
6347053
7988004
6070707
6459498
695312
2453015
8096656
7729253
5799700
4987249
5628248
6731462
9987174
9325215
4516546
9316794
1197568
6092615
8752493
767866
3642556
6592373
2122389
6319326
5584121
9771380
3375342
326438
1083298
6443041
6313516
7914877
9829669
528113
5196517
7515208
8997504
1694792
3665438
8022602
1863389
6822775
6853768
7203413
2324591
5570791
4060935
7047339
5094737
7697326
5590228
2879383
8158085
6456640
8154816
1713161
8355580
2650293
8868132
4689849
6203781
7513242
5190257
420189
1009739
5610012
8331082
9423645
2339301
9222840
1494976
7233268
3324673
8067804
177896
4243300
730565
7733919
3738621
4734604
3704740
1541923
695022
6052422
1153328
1623561
695218
636993
4750683
9842087
7868566
8551419
8594253
241202
3628918
7838828
6468798
5323274
1520202
8068857
7933209
3364942
