400
2453083
6009217
1454139
4706403
2705213
7501044
3175805
9721324
9694304
9339903
7756403
7967136
4720991
2205810
1624630
4153453
2487235
6237900
7977175
7227114
6202886
4937889
1283400
9153750
6536131
5261475
4767083
5781359
5241166
9943128
4937974
1343852
4727666
8927026
1416020
1356320
2904284
241768
7969945
5696616
6414779
5564295
3653684
6485021
3311765
1060283
1568435
3809268
6535867
720155
4954393
9742861
3046506
178017
877161
9466971
4848536
9156177
6973287
6573898
372071
2007743
6072169
7965389
5122607
9545706
1322416
8184000
654934
4277866
7602307
3830025
5061860
2126233
3561172
2334063
909886
235340
7543299
4455052
6483545
7035890
4036122
3651890
7505104
5366836
4410959
1110954
6537132
6899566
795419
475612
3988073
5800605
3975473
2533412
5800964
4579738
78324
9002038
8147840
4467712
2078554
9247299
9231499
6915131
2022826
5917406
535867
4367334
6071792
8432358
5681420
3327109
7791445
8970931
996758
7117497
9054528
186544
2466277
3554798
696754
9520738
1356292
3638951
2163678
3927645
2028167
6863635
5522982
533186
1882244
3451707
6935945
6292419
4200287
4093940
6485496
7437336
3692347
8547349
2791961
5375756
4955286
839339
4929439
630191
4631230
5036537
2932278
2191894
4198997
4607001
3788617
9235350
6490145
9208384
8668876
4564285
5575353
9982143
8984563
8203786
1675177
2900533
4535242
9581577
433543
4169737
1708740
3593146
2437530
9458146
9396414
8216037
5070686
2815866
1926498
2628449
2604389
4492184
9949497
8261405
3632207
676798
124499
1133167
9585215
9825835
5691754
6736111
5512524
6424646
5893716
1323484
7463171
1658551
612866
9545008
9073349
4406455
7858657
9726417
617522
6934029
4485468
3002179
8208300
9479045
5060786
1842685
1771205
2296239
2252851
722367
5665769
2375855
8673877
9123747
1706060
3749803
9009158
4209697
7886456
8186724
788408
1436818
3152324
7315143
1289457
8988261
6763428
9368729
3403832
8170946
6274334
6840708
8370596
7758772
8569010
1646046
5267232
7637831
3979938
4138571
8543133
7756352
8670234
6882392
5868045
8655604
7584749
6890698
6781115
1555793
2602309
3279584
4137872
3453527
3759104
7970646
5370863
4109469
4575650
4049716
4993842
1111570
2866625
6788210
2805938
5047465
6078405
7946033
5013238
7952323
7558139
3094961
4272004
2706621
515234
1702019
2713825
2401617
425537
1492983
4567668
6965535
4742333
1831401
5399460
3376035
9173355
5521176
1829388
7978069
8830186
8001443
5933432
657278
9371787
1817783
5081740
9133125
2650342
2401820
2951708
5232386
352739
6721454
5095895
8841080
2017975
340949
9432685
6154945
1567909
5396359
6384887
5292796
9555712
125434
710149
9059517
1579269
9854059
7462512
5072916
1931764
3543693
4823419
4345856
8886315
4350102
7224896
4717651
730565
2885873
3160335
1299231
5296223
1835855
577983
5022205
372302
7691584
3953423
2341956
2175624
5251364
3809253
5514257
6504448
3406940
2956476
5859044
5372556
8439261
7129903
8350409
4429666
262393
6702110
3074809
194333
5332043
8287055
197754
968843
8596579
9587000
8520000
6297506
6392819
6491672
3792270
7875258
4283672
4930178
6107861
6187591
2753484
1965992
7468470
2943033
6750157
6683431
5407942
7137325
7835479
5004052
3658164
3174713
2770268
906495
7704861
6519048
8002914
7405173
3264830
