4
1
7
1
5
8
5
2
4
9
1
4
3
5
6
8
8
8
5
4
9
1
3
3
4
7
9
5
9
3
4
1
7
6
7
4
3
9
7
8
5
9
9
3
9
8
6
9
5
1
8
6
2
4
2
1
8
4
1
8
4
5
9
3
3
7
3
2
7
6
9
9
6
8
4
2
4
7
5
7
1
3
2
4
2
7
1
1
9
6
4
1
5
9
2
8
2
4
2
6
8
5
8
3
9
5
1
5
5
7
8
4
4
3
8
6
4
1
7
1
9
4
5
2
8
9
5
4
1
3
6
2
6
5
1
4
8
4
6
9
6
7
2
6
8
5
7
8
4
4
6
7
6
7
1
4
9
3
4
7
3
6
6
5
5
9
6
1
8
1
6
9
9
1
8
7
7
9
4
5
1
7
1
9
1
9
4
6
8
7
4
9
2
7
1
3
3
8
8
7
4
9
7
5
1
7
1
9
5
8
2
5
5
9
6
7
5
2
4
6
3
9
4
9
8
1
7
2
2
5
3
8
3
4
2
5
3
7
6
4
9
3
5
1
6
7
6
7
6
2
8
2
3
5
1
7
4
8
5
4
9
1
7
3
1
7
4
5
5
5
1
2
6
