1
1
9
6
8
2
3
8
4
5
5
1
9
3
6
8
7
6
8
3
3
3
1
8
2
9
8
4
2
5
9
8
3
5
6
2
1
1
5
4
8
7
3
1
1
9
7
4
1
9
9
9
3
7
1
5
6
5
3
1
5
3
1
8
6
1
4
4
6
6
1
9
4
4
1
2
5
4
9
9
7
1
5
8
8
8
1
6
7
1
2
7
6
2
1
6
8
4
8
9
8
9
3
1
8
7
8
2
1
1
4
3
1
3
5
3
7
3
2
6
1
7
2
4
7
3
7
9
4
8
7
5
4
8
6
5
6
9
7
3
6
2
4
2
7
9
2
3
3
7
1
7
9
9
4
9
2
6
4
5
2
9
3
5
3
4
1
7
4
2
8
9
1
8
5
5
8
3
5
9
6
8
3
6
1
2
9
4
6
8
7
9
8
7
9
2
5
3
1
3
6
2
3
9
3
6
1
6
3
4
8
4
8
8
6
5
4
6
8
8
