1
2
9
3
6
4
6
4
5
1
4
4
3
9
8
4
8
5
9
2
9
4
5
6
2
5
8
4
7
7
5
5
4
9
6
5
9
1
2
7
5
1
2
4
7
7
8
8
3
4
4
2
8
9
1
2
6
2
4
5
3
1
5
2
9
9
9
4
8
8
9
4
5
9
8
9
7
2
1
7
7
5
3
5
7
4
8
4
5
1
7
2
8
5
6
8
3
8
8
1
3
1
2
3
6
1
2
5
3
5
7
8
8
5
6
9
5
5
8
7
9
4
2
4
3
4
2
9
9
6
5
4
6
4
6
3
2
1
7
8
2
2
2
7
3
6
1
6
4
5
8
8
5
8
7
3
2
3
4
8
7
5
4
4
9
6
7
7
6
9
6
4
3
2
7
7
7
5
3
7
1
9
1
3
8
2
9
4
2
3
8
6
6
6
7
9
7
8
1
7
7
9
8
2
2
1
5
1
1
9
9
9
8
2
4
8
1
7
8
2
9
9
4
3
1
2
2
4
4
8
9
3
8
8
9
8
4
4
7
7
4
2
7
1
6
2
8
2
2
1
7
2
8
7
9
6
8
4
4
4
8
4
6
2
7
9
9
3
9
6
2
6
2
6
7
6
3
9
4
4
1
6
2
7
8
3
3
1
7
7
6
3
5
6
4
9
6
2
1
6
9
2
1
8
3
8
3
6
6
4
