2
719
2406
7379
7646
8583
74
89
3086
1971
6201
5416
2227
5265
3290
9772
4113
3276
9801
4974
2680
4054
1888
2207
94
7839
4020
522
370
2430
1412
5581
8985
8657
1047
3423
3090
5442
2241
4941
6029
8798
5134
7959
416
7425
4383
5132
708
6628
3984
605
9327
9625
528
6312
5232
9365
6214
671
5215
4663
3530
8892
2030
2165
8361
9831
310
1829
8496
1524
9332
4629
8939
7116
6049
2938
6612
2073
614
9426
4910
5799
6789
2298
8170
9522
12
6002
641
7045
4844
6427
7853
3738
5517
9691
126
1240
957
2533
7877
3637
5462
6639
4202
9606
7017
7393
745
9441
1740
927
2459
4732
754
48
1179
8961
5851
12
5601
7017
9180
8027
3426
7777
3448
5114
610
2142
2861
4949
5288
6785
1343
1952
1055
3965
3056
9933
8825
7161
8997
8570
6754
4750
1484
9238
1090
8286
51
1623
6679
7241
2624
6477
7978
8804
1659
9680
7653
1524
1453
2907
6787
991
8693
5103
3973
9024
1409
922
6003
5856
3335
836
7270
2581
7332
4172
1478
4594
5695
9339
3030
1851
5705
9936
4481
8858
2812
5541
2946
8988
7942
5297
5735
4581
7066
44
2233
4172
6695
483
5816
2240
7605
8267
884
6387
21
5766
8321
4001
4266
218
3305
1886
3815
1189
6627
4304
1334
554
8369
7201
7880
6523
3678
1566
2784
2619
7336
3392
9847
6912
7276
2250
9440
5830
6550
3202
6457
1052
1029
8261
2709
6060
5433
6385
7718
8745
8409
281
5849
9885
9410
3827
2101
9004
9973
3491
6303
1777
232
1695
5126
6559
8878
3081
23
1863
3284
6326
7992
3868
9404
1627
6163
8621
5453
538
4861
4426
9973
1572
6823
7895
9349
5805
2838
2817
7401
2939
5257
6038
7510
8329
2267
6793
7158
310
3058
2322
974
4146
8224
4223
1099
8344
1891
8906
5708
6303
4254
3883
9057
5221
4494
9034
4205
199
5810
9499
8102
156
4193
7619
8294
6130
6341
7120
4109
562
8198
9254
1721
1975
8818
796
8563
2515
2965
6891
9502
2872
3872
6090
7323
511
7771
1625
2376
9420
2458
9346
1588
8925
7853
8315
8933
872
7924
1796
5955
9555
5358
9970
2319
7515
1058
2253
3218
4801
6198
6270
3628
7650
2493
4942
7485
6429
8665
4109
7974
8216
3343
9829
1949
2352
2191
4373
9974
7718
5021
5937
1751
4036
8566
8444
458
3229
4066
317
2443
1753
1900
6806
3002
8328
6313
6336
8060
6705
3797
4646
9365
6287
9410
4443
5137
7502
4722
1651
7180
3187
6269
6024
6175
6776
8033
2795
2640
5156
2119
8584
6616
7441
2753
2465
8748
3278
233
5669
5461
3643
6702
1439
6776
8008
5517
7513
8686
3994
7976
4178
6047
8939
3807
6762
1870
6430
5741
4386
3918
6054
2986
2664
6716
6624
3570
190
6011
6815
3637
4598
7465
1913
384
6358
9636
4832
4381
8680
2218
5316
279
8986
7087
2761
8459
1209
3677
7877
383
1104
7406
2056
204
8423
9377
2759
6127
9754
7425
9285
5121
3349
8567
5285
4816
813
2630
1938
9392
1342
1581
9801
4098
1074
5882
5812
2670
491
1098
5844
1195
2912
6025
3552
1485
5183
5633
3280
8985
9143
3970
3544
1720
1368
8163
3292
1422
880
6909
663
1623
877
4621
315
5209
2299
2106
7322
5586
5169
3244
5406
2260
8052
7486
1611
4632
8854
9802
2562
4310
964
5781
7186
7697
4543
8904
7802
2984
904
1341
1406
998
4883
5930
5746
6087
2344
3564
6908
261
3010
5515
617
5897
4002
6155
7590
9052
8394
9775
1903
4049
5559
3957
9149
1116
7894
1051
73
3791
4561
8307
5952
9855
5622
319
5570
1688
6693
1042
88
314
3502
8555
6078
36
2293
5434
3189
8866
693
694
2003
455
7307
1326
1270
9799
153
6898
4331
3923
3753
5508
6621
8997
5851
9952
1328
7674
3797
7990
7627
1459
6384
9216
5095
3539
7443
3003
1549
5588
9325
7267
7017
2448
4194
3486
2390
6642
9219
2651
8218
9303
3029
488
9061
3725
2461
9002
6239
4621
8051
3455
6218
2504
8779
9630
2844
864
5971
156
1501
4922
4681
1888
6476
5603
8061
2858
1267
1139
754
6854
8078
3094
9550
3020
7161
6907
1245
1682
5072
5526
9455
2804
7001
5416
9968
697
847
4578
454
4921
2036
5873
5232
9361
2931
178
3521
3805
9088
5310
2485
242
5390
2726
2346
4019
7730
2346
8864
7229
5559
4599
361
7347
3683
7166
1411
5280
307
6277
8040
6314
1923
6185
6418
5910
2819
4434
6190
6161
7459
3739
4439
3838
2411
4747
1843
9807
9051
1355
876
6121
2257
9197
1817
6776
3125
9607
8238
5486
1289
3336
3954
4216
6744
3744
9734
6751
543
4286
5544
4354
9372
3411
8417
922
8688
6759
7890
2857
9564
3388
9005
7805
5001
2854
9803
3048
3164
9321
6487
5658
6878
6620
5768
1162
3185
752
8591
6463
5055
5740
4729
2971
2264
1969
1174
4914
6167
9253
9668
1259
8389
7997
5737
8
6699
6148
811
4217
2648
7366
8272
7677
1101
7538
7547
799
6538
7227
6710
8935
8224
6177
9912
9838
6639
3337
9172
5186
4034
9045
9478
6284
2996
8123
8185
3968
3363
1503
8439
8315
3157
5114
4672
187
7912
55
4336
2552
8277
2693
757
5686
866
8957
9844
5105
4777
1973
8274
9169
9593
5787
4175
522
6756
9534
4460
5738
9173
2506
5902
5665
8343
5658
9335
829
3488
5328
3465
9562
1355
2182
745
6368
5004
4907
1979
3955
9458
9539
7105
6193
2320
8519
4815
7594
5267
7874
6576
2624
7984
3127
9007
3297
4286
4022
7309
4887
1096
2645
698
9228
2458
9004
6269
492
8782
1018
4190
8431
9296
8745
4123
1367
2823
7394
6600
6507
555
8172
7044
1975
4846
5775
8038
4710
625
2159
6204
5042
6428
5374
2097
3483
6696
9248
3094
6775
2379
9776
8842
2494
8083
7526
2804
142
4813
7364
284
2029
6526
347
6201
1267
1014
7144
8426
2137
7275
8260
653
9910
5554
9423
6328
7437
4763
3533
956
7398
890
4662
3345
5864
1975
4888
6533
7016
8643
2027
5890
2822
4455
4869
2867
1956
9265
8136
6332
6593
5517
5225
7376
7786
341
6958
8264
8425
2456
853
5779
5442
2784
7545
4377
1842
3675
1681
1303
9956
1421
8933
1411
5414
2281
7367
8708
7164
6080
9571
7239
3825
4351
8264
5042
5759
2518
311
1560
2510
2089
3190
3204
3994
8916
2278
9995
240
7787
793
7608
2555
3297
5605
4965
8597
4530
4376
1390
1502
6473
7392
2418
8078
4944
8875
700
5597
3773
6858
4553
8403
3380
5635
4713
8574
7667
4738
5103
6311
9113
6809
862
1350
899
1345
5775
980
2725
186
2510
8171
5763
7497
767
314
8681
7091
9159
1841
2333
7933
2337
5875
8126
3468
6531
4976
2080
3512
1557
2800
4233
9835
974
4064
3716
5038
3011
1422
5835
4971
6242
9100
188
6771
9472
2863
7328
3369
723
3600
857
6074
3790
4791
3361
4655
9136
2592
6801
