32
447
9935
2884
3838
3874
9686
5388
6575
3178
8810
9877
4538
8263
278
2259
4836
8458
48
961
4194
8485
1616
5748
2872
3641
3255
335
5461
133
1047
8844
6692
9024
5142
4822
904
8466
1988
8244
4671
4730
7946
9409
3590
3199
9697
9093
1818
6034
7002
2259
5352
5487
8190
2456
9772
4695
8496
2321
7254
1944
7060
1843
5546
9718
117
9098
2208
2570
9905
7513
6625
4297
1853
1807
5514
2878
5204
5665
3472
5065
7737
8018
699
7262
6226
2407
4543
8336
3227
1642
7893
2589
7715
5278
9551
5149
1504
8778
2488
6019
2666
6619
1945
5333
1304
3201
8903
6467
1700
314
4008
4082
6671
3459
3966
3360
1454
4190
6914
9693
5094
9838
383
3805
8494
2436
9101
303
836
8934
4402
3423
1558
1217
2819
1503
9553
1868
5128
9613
5595
6672
9171
7620
9760
3362
5451
6067
8719
2786
236
7473
4231
3628
5084
3749
383
6842
7172
5686
4923
25
2305
8477
462
8893
496
1539
7726
2041
9662
8302
9120
6868
3721
8100
389
2896
426
5898
3259
7055
1071
4246
2949
3174
4605
6876
547
977
4693
6437
5000
5646
9780
308
8583
8970
4458
7591
3745
3117
9838
4627
2143
2829
7667
6656
1528
2423
1540
796
6764
3145
6070
6521
7823
6406
2607
2376
1293
5739
3497
1784
1776
5147
4276
6696
2107
1327
3219
3833
3878
6491
2210
4002
949
2895
1815
2910
4165
5906
9373
7105
5513
9023
8037
4432
5851
161
1987
9291
6081
1202
374
9529
2480
6890
5180
5634
2891
6086
5937
3242
9896
5521
6648
8451
2494
3702
7353
3026
642
9177
3619
4690
7359
1967
4555
7046
7620
2581
7581
6311
901
4126
3449
1929
1897
1953
7950
2556
9976
4200
2548
9538
6744
5707
820
5470
9481
9020
1008
400
2556
4723
8663
6822
673
2043
6992
1964
5086
4096
2134
6150
715
6579
4479
2253
6298
3875
7545
1757
9572
7870
3979
7043
6364
9359
158
5246
8346
3596
9654
6680
9814
3567
2938
2660
66
2091
653
6813
6589
9525
1480
2780
3803
8100
3445
7114
9689
9727
5129
6603
660
3991
7747
6662
2736
6771
8991
2265
2249
1713
8094
7441
1842
105
8122
4320
4109
7851
6678
1782
3386
3035
193
4840
8110
2842
3845
431
6406
5871
579
9072
7888
1324
8345
8533
2999
5884
2412
7917
61
5760
886
659
9944
9769
9257
4257
8200
886
3105
2180
3550
7509
3731
9790
6572
9422
6494
7918
5523
7424
4
7011
2809
3355
7155
7922
82
9795
473
2295
1934
3992
9887
7888
7422
4339
6438
9650
436
2803
593
6754
4587
3960
8420
8973
7599
611
8343
101
3077
9448
976
8643
9450
3845
8360
6016
1053
3581
2574
346
2167
47
1482
1437
4051
9632
7522
6314
6588
4641
8282
8678
307
2110
8997
5428
8780
4105
4143
8386
8847
7530
4263
4577
2855
6274
9298
3943
2513
374
501
8421
2151
8756
4776
9261
9960
5032
723
6940
5754
8228
3180
1348
6209
3526
8674
1167
132
7235
1747
7528
5736
979
5871
4216
5414
1631
2471
7974
9108
7859
8276
6718
5465
1624
7779
2517
8806
2721
3399
9765
1270
9908
7920
8120
3688
5127
5240
3900
5688
6356
6050
9914
2041
5480
1689
1096
1100
154
9724
7844
3421
636
6800
5916
305
3773
966
5362
7131
4077
4615
6329
3735
1401
8331
4903
1751
8586
2422
5383
7177
5054
5219
1706
9874
6259
349
5708
6124
1957
1513
4846
7022
6356
8359
1285
5833
7199
6166
1523
6583
128
6249
6178
6935
561
1876
9661
1518
2399
8504
9274
2934
4945
7792
4305
987
9165
9804
9088
3045
978
9878
6200
8172
5173
1034
2069
7885
5368
7776
2485
5275
9326
5008
8601
3056
3355
6687
2433
1896
980
7422
1583
2633
4476
8881
5329
6978
5374
8166
6562
914
2961
797
7920
6217
8658
1593
3991
5591
4616
7298
5842
4843
6544
4722
650
689
6449
2288
852
4202
7143
9322
2969
711
3200
8470
6254
8490
9129
7353
5805
3259
4845
9521
8474
3246
8322
356
5977
8373
6630
5774
4679
1197
7546
2123
1193
9157
688
6994
1821
8012
637
825
4279
2174
7926
6568
1030
266
4831
4249
6695
4105
2120
21
8806
5831
8497
2336
2582
7644
1691
3489
9752
295
5607
5502
5527
6372
9281
8639
4639
4495
7517
6165
6470
6027
3706
8311
6722
5200
2562
169
6554
2831
4242
1467
1502
130
2779
4099
1157
7031
4414
4437
3002
6484
9242
417
4364
440
6006
9587
3895
9303
5960
9102
1008
4926
7927
7858
5153
2680
1909
5776
3534
1115
558
5470
4187
1313
8660
5604
4580
8522
8111
6896
7772
3743
2046
2748
472
5232
9649
9014
9214
4411
7296
2991
9078
1930
2000
1951
2984
1133
9486
2414
2866
7557
7188
4573
8205
6564
7106
2260
9448
9020
6486
6007
8861
1579
3467
1698
8515
9008
5159
1521
7341
1664
9552
2159
6403
4821
8994
7484
982
6958
6556
4662
1662
5360
2006
7609
9609
7174
3279
686
8789
7979
5775
96
7838
4700
7255
4100
476
6692
6235
9046
6197
1993
5978
6287
8789
7628
7354
7366
3120
7348
240
3901
4
3474
8295
3101
336
752
3522
7710
172
462
454
2094
3369
7641
7515
4330
9484
909
1300
2020
7697
4895
4405
628
2895
6458
6347
249
9088
1835
8679
5098
7159
1472
3090
2134
7354
6212
3172
1747
9569
5908
451
8270
2254
9467
7037
123
8697
5773
3821
2051
4683
5773
428
2829
2996
2519
1072
7622
4701
9798
9840
5384
2459
2669
8558
3027
6602
2706
1803
9993
7456
1502
2843
267
540
6327
652
2914
4685
7811
3016
8724
5476
123
7536
8730
9604
6592
1982
413
5289
8134
441
4713
1619
9876
3460
9624
7573
4744
670
2259
488
3895
8585
2110
4861
3597
9919
9921
3790
2678
1677
3806
9875
2444
3035
5646
2008
552
368
9896
4474
2474
4061
7109
6450
8348
3882
6862
6078
2546
704
2376
6171
8407
4639
5451
1970
2851
6476
3637
812
4742
5592
7160
9395
3268
6353
203
5432
2130
1579
431
3240
9842
1539
8598
6857
6147
3021
5952
9636
8846
446
8219
647
4269
3569
1537
4508
4410
8091
8699
5125
8153
5281
6556
7565
5632
5704
8398
2996
9623
8464
5838
1841
5575
1300
7159
3365
2985
1554
7087
3982
531
3068
2371
9347
2877
6713
7573
3549
7426
9202
6401
4929
2835
7091
4584
2954
7474
259
615
626
2739
3856
6870
5221
824
9636
4193
5948
9999
7533
5557
2016
7022
8266
7390
8891
9670
10
6285
2759
8508
4617
3655
4293
2525
1985
7152
5234
1701
3176
1974
4348
2087
3621
7178
74
5000
5074
9129
8443
8245
1838
5068
7156
7179
2634
2943
263
8409
214
5462
1018
1646
4699
3476
3722
6833
9713
834
2677
8907
2677
7238
8321
9711
7697
7309
6139
7998
3840
9224
7745
7873
5186
9069
33
9077
128
2669
3749
2725
5544
8516
2510
5525
1481
4117
5296
3076
4057
2527
961
6366
7471
7201
1246
4080
8047
1260
2995
6222
7124
7082
5422
3780
4844
7629
2194
2640
9535
8009
1578
1479
9627
603
8124
3630
2046
816
6114
8728
1440
5071
4472
8647
6804
7387
1113
2976
9083
4100
8284
6673
9256
7870
7915
1344
1483
3737
1546
1066
3662
8316
2259
4684
9247
1413
2137
9267
7326
3484
3070
5410
6055
7529
663
6207
7104
1684
8712
3531
8511
7117
7132
5843
533
625
2064
3785
9821
9754
8703
9565
2954
2227
4402
8442
3551
8551
7056
7507
6729
4196
831
6866
5631
4540
3762
6554
4980
9670
9548
2863
1558
6382
6775
4166
475
1852
8426
3021
8545
1743
2120
4371
8969
1568
7812
3147
1046
2652
1516
4299
6093
8377
7328
8906
2581
3878
2779
6983
6981
8351
9639
9474
9922
2562
719
342
8788
4005
6329
6852
6447
3206
7014
8191
5353
5878
3834
733
5692
2964
8540
3592
6832
8678
7634
150
2779
5433
7661
8567
8224
8596
1417
730
4081
4551
140
2061
7512
9994
3513
9355
2980
1420
2158
2674
4703
1579
6243
7169
2101
4892
4254
4634
8981
6440
9870
2296
4966
5643
2981
2245
2581
3724
2353
720
5218
7589
7641
7130
8379
9563
8336
8876
6324
5671
4848
728
8450
794
9728
1473
1002
2155
621
1463
3884
5631
4017
479
2002
1126
6324
4657
4380
8796
1560
2162
1984
5029
5111
3794
3065
2539
959
1499
2684
5338
6794
7415
7742
7480
3439
3797
4085
8021
3841
8970
7230
9617
3287
1690
3898
2235
2332
819
6129
5360
8105
3900
9551
7841
5481
655
5959
5756
1642
7649
5894
5799
2926
4856
6440
3067
4758
739
2667
9448
9263
6537
4809
9520
7505
106
3206
6590
3805
5422
6080
1886
2567
8919
3138
4459
6546
8488
5165
3632
8946
9417
2768
8718
621
5253
5564
3431
318
7499
8711
1654
8191
5009
3539
2557
9169
6602
6532
5263
1456
4987
576
5768
8464
5808
2278
6552
3202
9173
2377
7442
4381
3699
7060
2780
5855
7820
950
1324
4633
366
1102
1829
2316
2665
5136
7009
5700
8759
6093
5067
5738
757
3335
4981
1831
7865
2137
6088
9349
3101
4782
89
6270
7567
459
1561
4805
3226
478
3572
3459
9613
3606
612
1784
6648
1966
1857
8643
892
7701
980
3615
7598
8047
4137
8801
4409
2725
5612
744
9063
5291
1026
2056
5904
5407
3192
3543
461
2458
1824
1561
1531
7152
4053
4771
8296
3693
3246
4434
5755
9140
1616
1027
7758
4850
154
4377
4800
8900
9675
9083
4537
7389
8962
1078
5530
3104
8106
2182
6107
677
6878
1318
6227
7589
1090
6296
2866
2605
9013
1562
7181
6475
9551
8334
756
3751
1206
5106
7378
7446
5090
2683
3732
3363
8091
1204
8653
5068
9874
9730
2579
8330
4553
4852
1936
2404
7244
3489
211
8995
5119
6583
5716
189
8441
6775
6673
7992
6724
8485
7945
8043
6250
4373
4291
4013
9517
5580
583
7296
6350
6330
9022
6875
23
2928
3367
7166
1889
1021
8507
3039
2394
5674
7308
921
1112
3330
8222
1429
7614
2857
7077
2273
9784
2198
4076
5304
7363
5417
4900
6339
9158
3612
51
9874
467
7657
8528
7204
8082
5430
327
5586
1547
948
8312
9729
7292
4507
9676
1784
1709
1520
9787
712
2505
560
7393
6875
4736
3224
1900
829
4227
6963
128
8875
5810
8269
1826
3890
3521
2779
3770
1144
2943
3639
1459
2526
7977
8062
3203
6730
7616
8513
6601
927
68
2387
8810
9938
6693
3139
1960
1128
4811
2616
5386
9805
623
2165
2674
1258
6205
7516
3413
4869
4709
5647
163
2070
6710
9628
6784
5279
5444
9795
5185
3113
9120
7704
6342
2207
9629
9613
5970
2009
2551
5393
2998
2786
8159
1531
2290
2393
7086
6014
9793
1289
2959
787
2988
5024
5878
1392
8970
2422
5239
4158
7699
977
4872
69
6516
4325
6690
6499
3254
8083
5478
4575
7520
5347
9859
7497
1964
4079
209
7134
5568
8905
4078
3576
374
5067
3694
1299
2206
1877
1392
7118
4989
6665
9689
1650
2390
8082
1740
6959
5929
6118
1400
5130
3578
5690
8532
7594
383
8087
2635
2748
6176
6773
9619
9078
6418
4734
5810
2236
6090
6513
5776
5148
1279
4376
6468
8632
8234
3809
5948
9575
4762
1759
3908
9650
3613
3567
7140
2540
1990
5290
6309
765
4462
2450
5766
4577
5255
1550
9980
6845
376
9320
848
2846
309
8631
6608
3540
8844
3153
3439
6166
9508
8924
3642
710
4475
8639
9914
281
9075
5841
9162
4124
6112
2888
9047
4133
3608
1584
4585
2544
3118
7507
4521
327
7825
9525
3758
447
6705
6155
3926
2293
1657
701
9480
7279
2885
830
7804
8451
3279
9663
6243
6047
273
8671
9733
3289
945
3307
593
7449
7340
6406
9509
7226
4080
9334
1727
803
9809
7448
1622
169
4833
6730
989
8135
8467
8311
7686
8739
7364
1867
9144
7100
1050
5965
2809
366
6048
4730
5913
8413
5264
4731
7756
5479
2225
8646
1259
7337
8813
5852
4340
1246
7371
495
9626
519
372
3444
3410
814
4804
1659
4794
378
6008
6393
2652
2298
1048
5598
7057
4197
2591
9756
6320
7031
2022
7812
6777
4943
9077
3696
4546
5949
23
7612
679
9615
5217
4001
7005
9076
1790
527
5374
4275
4157
7959
9946
7096
8289
6310
7836
918
5674
995
3503
981
6573
7272
5930
2070
7722
7384
4974
9083
1631
3436
1703
9822
153
9887
8507
9527
1436
1689
2206
3481
5807
6163
8331
6266
5447
9662
5878
8883
4556
655
4921
2638
1393
1503
6816
1956
3198
2023
6903
2176
7630
5688
1265
3155
290
5558
6843
2078
2855
7942
1794
1255
9065
9714
7553
5347
645
8486
3098
9661
4545
797
3453
5602
2409
3687
4
5915
6816
4279
279
6138
5031
7387
1168
9574
1451
7170
294
3559
9561
8125
8066
9846
1684
2288
1273
1492
4558
6871
5490
8353
6935
4523
2167
74
5069
9683
1596
1617
8208
9994
8703
5112
1215
4490
9602
8915
9115
8078
5113
5118
7076
8978
4839
7255
5498
4044
7238
4902
1278
3103
501
7550
8884
4210
7456
5166
4951
9739
1458
3511
5818
1210
49
8718
9017
546
65
6689
9687
6477
6942
3520
4897
5659
9220
3582
5987
1632
1148
7585
9965
9522
3138
2730
7714
714
8953
1556
1628
1883
9605
893
6000
3895
6497
7294
2892
3530
3318
6110
6385
5533
4684
8576
3712
1232
2153
2549
8481
4162
7778
5377
4261
5050
6268
5822
8763
6592
7088
8134
3028
3765
881
7275
1717
7795
1748
2238
9864
6529
5240
7010
5264
8030
3494
6179
3256
9401
8545
4788
2221
9777
1065
8991
5112
2522
8283
5499
6595
8189
578
6408
1958
7565
7053
8071
7050
7182
8099
5743
1617
4934
6822
2703
234
8503
1436
923
5096
2023
4643
7477
7048
8819
4565
6306
2265
6492
6855
3891
1899
3197
1007
8374
9249
4995
6153
1294
4303
9626
60
9493
5373
6014
6970
4171
2063
3276
644
5025
4701
2506
5611
4259
5009
2868
9781
2042
318
9365
6364
1654
4912
7957
8403
6880
9596
51
5995
9456
139
2904
4313
7467
1343
3265
7107
3114
9432
2451
9998
9944
577
7554
6319
3937
5319
2533
8216
9939
6798
2601
5890
1055
5358
2806
2054
1411
6714
4869
1823
6897
9394
452
8921
803
3018
4834
1390
9504
2912
4394
9475
6639
1799
570
1038
9877
7189
795
1601
7505
5540
6636
7262
6444
8607
8353
9470
1532
904
6230
4712
5871
5655
8365
9517
6606
6242
9664
5761
6324
9554
112
8175
2436
4979
3372
5548
8238
9633
1988
8266
2676
6569
6704
1815
4040
325
2024
2779
2955
8112
6367
6469
6767
3403
7945
4846
9770
1358
632
9830
3946
2138
6182
4486
9779
2850
6073
9985
9161
1945
2096
3249
1107
6746
7421
5420
9444
3464
6729
9060
1883
5838
6597
7290
8055
933
909
5097
6349
518
1417
5302
4366
5315
6491
1599
3855
3806
8118
3616
7706
4133
3657
7755
9975
8676
128
96
936
5805
9638
5814
4404
8456
6592
5716
5299
4821
6428
7019
3800
3577
1942
612
2371
3014
5668
5934
6148
796
6291
1938
3993
1748
987
3645
540
8782
8628
3586
3320
831
4548
7652
3138
88
5955
4735
9408
4759
5292
8808
6646
9458
2879
1656
7546
5703
8734
9618
2634
8295
5365
3070
7494
9243
1628
2150
7536
6464
18
4122
7722
818
8893
6121
9814
12
8766
5086
142
9584
4840
492
7555
8844
3672
1384
8869
9343
6125
9245
2982
9449
5537
5860
322
2213
7974
7170
5469
2712
159
4190
4669
2147
391
572
3860
510
2057
6163
1624
4409
387
2481
5387
6166
2119
4834
7951
5485
2586
3413
118
6252
5396
119
756
3356
7205
227
2961
7358
1126
5008
6836
3746
1172
3846
4353
9845
4767
4312
716
6405
2667
4730
9285
8286
9539
8394
9520
1742
8697
5066
8305
7662
4360
9346
6869
1730
326
6791
100
7806
3307
7452
6064
5436
598
8048
6777
7843
2614
5676
8590
1258
2662
7900
794
1825
689
1312
3987
1036
9312
2392
513
5600
2973
629
2646
2881
450
7830
8818
3781
7440
9378
2088
8899
1382
1747
4896
1762
1186
7476
5220
6256
5487
1903
2569
6026
9910
5828
3398
9739
3004
1886
1193
1511
4051
2410
234
6519
6985
2971
990
3159
2743
196
8710
3491
1671
4464
6045
6713
9065
2938
5162
5759
9333
7777
4425
1166
942
549
9715
2000
9931
5177
7549
446
819
5187
6476
2123
2263
4205
7152
823
9449
9304
8896
7354
1825
8454
8755
6530
265
3864
8526
3890
9907
2805
3435
621
6426
3151
1382
726
1104
4464
3814
4748
1624
4446
4932
3818
5757
589
2119
3206
1545
5
1546
8105
6749
4482
1966
213
6446
4377
1098
3039
5334
8760
7357
6626
2045
7051
8798
1553
598
3873
9076
4189
6744
7579
427
5446
5233
4200
1744
3055
2113
8831
1791
6079
3704
130
7190
417
112
7174
9517
2376
7123
2548
8131
6228
6808
9964
3222
1254
2755
8564
9623
9367
2160
9619
3270
3133
3963
115
6670
1466
7280
4298
6570
4340
3218
8902
8388
2508
1942
8796
8428
7382
9898
8940
4872
6883
7523
1779
4582
4009
546
8443
633
2375
57
3513
7605
5290
2054
7682
5612
646
6291
4283
2266
7430
4681
2692
2883
8668
5271
7196
7698
5766
3230
6711
870
4590
1246
4602
6817
7969
3654
414
5157
9410
9180
8313
9357
5352
6576
6034
6607
6856
7093
5294
7735
2852
3512
9061
4712
3516
4783
8232
1126
2822
1115
4486
9721
5921
210
5032
7023
7852
7821
6163
7633
2938
8820
2429
9646
9324
9942
5822
3274
3312
557
4078
5557
3993
1222
6931
4623
7853
4743
7727
8537
7192
7243
6248
2131
6350
4285
3257
587
2847
1503
400
287
2984
1579
5518
8563
139
116
7420
4645
4035
6104
2350
8034
9859
2007
2654
4759
6428
5948
6446
8076
7325
7151
651
6292
1481
2837
8227
563
9930
5294
1327
2530
418
6892
7360
6157
6188
5912
7267
8292
6379
6591
8395
6854
2190
1646
1334
4137
566
2320
9211
9758
5335
7206
3608
6534
3161
709
9492
3196
8740
5296
9857
8007
8132
2252
8537
1813
8945
1944
8599
1606
6799
5437
8884
9665
6397
7129
2892
2267
5954
8127
4200
9665
6954
5859
1505
3138
4103
2753
512
6068
9050
8675
5529
2662
3445
4424
3726
8029
672
6647
3415
8795
4671
4971
608
3281
1111
6547
1365
1837
7769
5157
8591
9022
7033
4352
8972
4206
79
7661
1307
6935
8300
9308
3730
1821
3001
8999
1081
1861
2178
268
8819
6220
5652
5922
7871
3610
4985
939
1135
6429
1431
3983
4080
5447
2092
8134
9024
6632
3151
6263
2398
2062
6911
9832
6227
2074
1779
376
6997
6682
7
3047
8506
8189
3096
3685
5699
2320
7811
3233
5014
4110
1068
9171
4350
7718
2566
4171
3751
7190
4510
1160
1246
4473
9526
8225
7022
6869
2732
180
8636
8887
7833
4433
1628
7676
4297
8436
7584
7380
6580
6833
4161
198
1155
8108
3832
8613
2585
6296
6857
4221
8223
3949
8099
9118
3832
1404
3467
2409
7520
4385
5958
4378
3515
6226
4195
3696
3127
2483
8970
8042
806
612
5932
6391
1871
4612
1192
1783
3578
7343
9879
6027
3165
6449
7884
9315
4773
9165
5199
8894
2787
5432
18
6757
9608
1060
5136
4260
330
6371
9041
6907
2866
5445
8228
2879
3245
4903
5484
1751
3581
1213
8343
4063
9228
8717
2114
8469
4841
6186
8884
4887
9944
2059
1212
9410
1991
6197
2065
1681
8193
7962
4602
9849
8609
5194
2985
5081
526
1851
7959
3578
4423
7760
8590
9822
379
7390
9389
898
7596
4699
1673
3708
4303
3
2783
3603
2909
9488
4996
816
1890
11
9186
758
4459
8537
8650
8250
7493
6980
4997
9961
2281
8313
2807
9740
9153
4143
5151
9202
2713
2522
2049
3720
5263
8718
7280
517
5633
9020
8754
8605
4243
4844
9970
875
2940
7589
4437
2498
6740
7676
349
9375
8789
4941
3659
1901
1790
8774
6055
599
7107
3734
4038
7575
6557
4963
26
9575
7442
4871
3843
9764
7841
7449
5364
1025
7446
3021
4028
9543
7314
9373
6107
23
8415
9468
4619
236
9193
7334
4166
1990
4
9261
6972
2155
926
6123
3276
4476
2523
6307
9958
3698
7140
7258
1220
1420
2653
9706
7992
4934
3736
7619
4196
5033
6541
1638
2064
188
7342
5950
3797
9704
7156
8722
8415
9034
4055
1600
4890
7447
3917
4714
3073
5067
7571
3447
881
1755
5265
6877
7691
9502
3267
3549
8247
6681
6522
2729
7889
4671
3212
4283
9368
7058
5475
6516
8135
5448
5403
397
1932
7910
7949
1714
8709
6885
7531
1533
3631
1883
8512
6942
5748
8889
8528
8198
1311
8460
2053
9444
4974
8215
2508
9546
3019
9701
9985
5005
1626
8124
2703
1289
7326
735
3287
5776
8259
3649
2048
2424
1400
2816
7871
9936
2487
3103
8393
722
7330
745
9654
3556
5664
1158
5498
4318
8724
7142
6147
5781
1679
1164
2009
3054
4379
6636
4013
2405
8319
1872
5077
238
7929
982
6291
857
6415
7970
280
4905
4080
9975
8736
3003
9973
9388
5237
1286
7683
1798
4880
6500
6029
6216
9180
2736
9543
5719
6341
6437
1134
2123
2105
1982
4339
9005
6434
2654
862
4915
1811
1201
2960
5482
9970
2426
1220
726
9922
5935
601
9856
4885
7504
9065
9184
2915
8807
8568
1513
2386
4515
5745
3697
4375
8556
949
447
3596
4390
6638
411
6887
3084
540
9493
5153
5350
6011
9100
8517
4047
9497
7848
755
3812
2931
1272
7593
1227
2837
5154
4654
4026
3175
5111
3882
9405
2646
7394
8005
1855
2699
1929
561
6304
1171
7643
8428
2101
1930
7295
2588
3546
5136
1769
8919
5457
6586
6903
7983
9298
8370
8215
6745
5697
9134
4662
2302
4682
6636
7769
377
7122
2776
5015
3195
9764
5883
6348
1499
6458
8612
9873
2440
3957
4752
1691
3792
994
8064
5811
663
3253
4383
9242
8831
3111
3674
7168
8296
8773
1863
3802
1872
761
8125
4519
7758
1279
2641
4678
734
9359
2365
1968
6415
6795
6285
818
5876
6711
3194
7824
3505
7966
1033
2971
1933
5046
355
6344
2640
4026
7364
1059
8362
5586
6283
5600
7962
5216
683
2401
9114
1548
2571
9223
3204
8180
925
7296
8974
360
2970
9815
1845
8687
5490
1810
9697
153
5757
7080
9024
3182
6737
3119
5335
2132
5719
6064
9652
8279
3951
5580
346
6896
1453
1674
7634
1068
4397
7675
3751
7993
9309
3511
5517
9043
9267
712
7098
553
2125
4559
5910
3075
656
878
9538
26
5395
4137
9047
2700
1755
1405
9989
2399
7760
2500
360
4940
1372
1346
6217
7338
5815
7848
7665
7222
6425
7051
2276
330
3488
5142
1949
1705
8846
9233
3187
9681
8531
6765
9077
4816
7400
789
715
1382
487
473
4579
6782
1675
6940
6790
3600
2912
7121
9477
9677
1206
8201
8107
9855
2730
2294
982
2447
2539
2053
2426
2168
4967
586
3878
7
6674
9296
8364
3156
8093
7214
1592
1268
6465
4251
8453
3087
7883
1993
2514
627
9510
9325
9007
328
9982
6491
3553
7213
2052
3228
7136
4607
9180
8357
820
7451
2478
9399
7277
261
9601
4848
10000
3112
6192
4554
735
4091
5281
833
495
4237
105
9532
2784
1789
2831
959
589
2912
5164
9870
2639
7701
2020
9192
1776
1747
3112
640
3674
1233
4330
322
6896
9076
897
6567
9180
7545
5834
1565
9768
9719
2642
9433
3279
6981
1170
5008
4196
3557
3899
3162
5751
5819
9793
6578
8915
1646
3726
9929
3927
9280
1178
3724
7229
8476
6759
6919
7067
4504
6109
5500
8815
1336
417
1432
2609
5672
7689
803
3850
2127
2660
1137
9645
9187
8121
9244
6257
8532
1643
2715
3004
8905
6187
3716
3624
4788
3346
5546
5987
2884
1561
7019
29
4779
6377
185
4721
415
8745
2959
9022
1261
5544
6362
1635
5131
664
9306
2499
7591
7056
547
5582
6033
9605
8077
7304
4184
7012
9212
440
9616
9958
9962
700
7857
9664
1630
3837
2782
2393
7653
9006
8993
2141
4998
1500
9159
1365
7587
8209
1941
7978
2432
4092
794
9204
1724
189
8926
1420
8548
5006
171
4521
9833
3879
8723
5324
2422
6374
6325
4274
1714
2958
272
6026
3499
5374
6679
9221
8459
2625
1036
9112
7269
1203
9505
2401
4763
763
9961
7142
3972
1197
7299
9467
5620
9432
9574
3828
2136
999
665
4332
6886
3498
5339
1016
5441
7105
5203
4223
4378
1313
7352
8089
5061
2404
2624
3307
1207
8799
6609
8122
4733
11
581
9847
9044
3780
6723
255
2905
2374
6308
4890
1577
7424
410
8809
6347
9618
3958
5586
1809
6058
3079
9332
2014
6569
5641
7557
5417
9703
9020
458
8746
92
6938
9654
6221
3419
2220
4325
3174
6813
6395
8597
7051
9095
6048
5141
5591
2608
462
4444
4749
391
7351
7107
9897
2397
2079
3996
7197
3440
7668
3195
9547
5939
9360
2564
5975
1158
433
6763
584
8052
9901
3513
742
1585
9716
7518
5694
4884
7278
7030
5783
2619
405
8914
3031
3472
5035
2622
6045
6005
235
3824
9359
83
870
2347
298
9331
4276
7240
8549
7753
787
9947
2484
7586
2616
2263
5474
880
9612
4605
6074
1523
2084
3060
8296
7205
714
1801
4845
470
5832
1222
5081
276
3059
2992
198
3590
6981
6201
6039
119
4090
610
3112
9135
2595
2003
8190
2397
7372
3116
2064
8235
8205
4049
3565
1557
2236
5938
1730
7604
94
9043
3487
772
4794
8428
6353
3340
8457
2301
696
3334
3653
4929
9966
5408
5692
3527
8034
9237
4151
2947
7225
1468
5759
2198
549
6289
3655
4357
7508
1267
1002
9084
3302
1102
9038
6809
4955
5227
1476
582
6877
6782
8649
4411
5984
7226
3848
8594
1993
4331
7712
8549
5480
794
8773
3004
2921
3798
3228
8216
5115
3538
8772
4999
4087
3589
1796
9587
4698
182
3244
513
8198
6991
8612
5721
4006
3948
8271
6929
767
3984
4532
7932
598
8657
4133
9711
1035
6551
7758
921
6961
4050
5258
7479
3561
7966
9476
7322
4872
5875
6453
5786
7899
9013
9696
26
859
1352
8343
6970
9171
7942
720
8859
1843
9146
1479
3077
3409
5312
3624
1426
4603
2296
6497
3255
5925
9924
9358
7357
7751
7753
6779
8467
6903
2783
3585
9076
8979
5398
7365
1172
1138
5799
6491
6302
6345
8681
419
6534
1376
7792
5977
4449
9522
6099
4577
719
2577
2894
8523
51
8856
6678
6158
1135
869
1494
552
7009
3907
9781
5104
2528
9903
401
736
2007
7724
7088
5509
9141
7855
4147
9268
3725
9642
4047
585
5325
9384
9440
8008
6749
3067
6280
8697
3140
6612
9471
8077
1796
4514
4603
8742
7335
5125
5406
4395
2537
9577
7173
4607
9774
3425
9117
7823
4153
5315
7474
9530
7821
9491
9497
9923
4044
5189
3058
4853
5307
8472
5051
2419
6729
2157
6533
6204
7406
9412
3269
3596
8874
5058
4800
2206
7485
6141
5579
4720
6865
8437
3837
153
8848
6721
2697
6286
4210
7954
8888
5820
7402
8779
1549
2200
7917
8045
1632
8529
5405
8490
6221
2697
5314
553
6255
2165
6208
7474
5121
7239
484
3146
6728
3156
6772
6504
7184
8743
2632
6743
3127
5637
2890
7887
2525
7309
1531
6281
6122
2177
208
7200
6387
4700
1558
8488
5769
3320
5847
2219
5278
2371
2815
3700
3364
2160
4933
705
7786
6881
3827
2222
821
1070
5083
4080
6489
6651
4069
2380
6920
8915
471
921
4945
7738
3277
7619
6474
7658
1576
9685
3891
7905
9591
5113
8323
6530
9175
6857
4011
1500
3353
4083
9273
6705
4539
4525
6849
5991
3672
4536
2487
1196
3346
1739
5575
4201
1856
3813
4467
7570
757
6602
605
6712
7957
2494
9230
1599
7617
3903
9684
8904
6485
5257
1607
5580
532
1775
8678
863
8512
7091
8756
1354
5742
1417
7269
16
7996
4679
3360
517
7455
5739
4475
276
1305
3557
412
2270
422
2865
5919
1155
2117
1817
3321
8548
5584
6712
7743
9651
6002
6493
6395
8684
9256
5740
458
4748
4222
417
1868
916
9944
2547
8316
2475
4960
3733
6991
4225
5468
5066
9463
4639
6466
6211
326
791
4847
3354
9597
1057
9547
683
3164
1023
5081
8333
7841
9483
6867
4236
4795
2762
6849
4834
5844
3150
39
451
8004
6490
6393
3314
7835
9609
7748
933
6088
5026
5541
1372
6409
4032
9013
492
3631
7402
1502
8444
9062
5538
6284
3871
144
8094
9389
4542
8926
8209
2757
3433
506
8739
252
3651
4939
1362
5574
2527
9906
2295
7021
9127
4222
6532
9639
4965
3306
4467
3437
1371
549
1979
9020
8331
7322
6060
6593
699
4722
1335
8252
9300
3980
7528
6338
2253
999
2173
142
3578
6445
4929
5244
9997
7349
6050
8586
8482
3160
7328
4345
4256
9990
4408
5751
3755
2110
9232
9324
8045
4965
4090
8885
3875
4922
9627
9739
2006
4067
1718
6386
4248
3728
445
4435
6616
3804
8338
628
1509
7657
4466
4443
7591
6939
3659
6402
4468
9247
139
6202
3975
69
7845
408
1896
2022
378
361
5468
1524
4036
6043
4137
3671
3509
5
8622
1131
1250
2670
2772
8997
1313
9321
3490
506
9381
3113
2096
9574
4802
5750
9357
8652
1443
5725
5345
4349
9349
1076
9106
7582
7719
1129
5903
8905
9712
1786
8583
6252
3510
4220
7246
2249
5400
2923
4298
4826
9850
8790
6138
9334
8682
62
3830
624
5430
9176
542
6079
2979
5597
7855
6815
3151
3830
5061
9184
4384
1095
7380
3
3216
4528
5429
2593
9977
5351
6227
4725
1817
5216
4325
712
2085
2237
6541
2549
1733
473
598
9162
1099
2668
218
244
441
800
7079
7763
4740
9369
1017
5991
9458
4152
2889
7338
7103
2711
6436
2975
844
2568
2141
939
9442
1373
8351
458
1110
3824
1988
5620
1688
4649
1036
9
1485
1756
8631
9610
2724
558
682
2076
6116
7611
2828
3470
5479
9414
7638
6796
4685
3151
6588
3918
2314
5331
4463
9144
3846
9710
6020
207
5087
269
8135
6442
3807
8710
7283
7194
8845
1793
2781
4554
8060
8132
458
2254
293
9579
5276
1800
8130
5921
6411
6748
2894
8570
6557
1758
8938
8572
275
6041
4147
7281
5705
5888
7978
146
1817
2244
4109
8169
3690
685
8281
452
3244
4895
1575
8539
6991
52
499
9420
8816
2461
2334
8987
2289
6609
7842
5223
1150
8427
7918
4535
5546
485
5003
870
5914
6840
8094
4035
9960
3686
6148
3649
407
3460
8475
1691
5263
7006
5343
5446
5453
3808
5703
3677
1722
6695
2318
7898
6831
6508
9695
552
3381
5738
5507
5597
9012
9240
5437
8011
6879
7085
547
9631
1778
108
1746
3385
4848
7221
3964
5577
2582
1650
5771
8073
9903
1243
8383
400
9169
4992
4720
3508
3944
5515
2469
884
9838
5452
1421
8828
7952
3637
1922
8093
4769
6376
9527
3386
8421
7633
7246
1968
6747
288
8023
9160
4542
2270
729
2602
661
7581
9080
3770
9577
9407
6092
223
5217
3506
9465
386
9776
265
9154
170
5983
4780
1887
2975
4404
9598
1550
3320
2997
2799
3804
9269
8587
5883
405
7358
6341
8248
9541
1557
4480
8425
8187
9646
2788
1882
1701
3263
3412
1615
5165
202
1415
6677
3539
935
1284
5113
6271
2246
6720
8297
9740
2188
5940
7436
4262
2522
1073
3349
2205
6160
9722
4271
8776
11
9165
2058
4360
1334
6913
3465
6898
3536
4230
5088
535
8968
3090
7134
3924
2412
3410
7113
368
290
2877
401
4169
1958
3757
4845
4622
2515
5166
3871
3811
6821
8550
7996
927
9407
2490
8692
3875
2588
5404
3465
6656
9569
7060
7826
1491
9888
775
817
8165
4295
2311
4670
123
7472
1117
4712
6301
807
9241
4453
203
702
4810
5757
8672
9945
8716
6513
9830
8036
9022
851
2646
3560
8138
1373
5939
5104
7308
3456
8560
3119
5103
9372
9888
2398
695
2991
6105
1479
5319
8024
9220
6519
1891
7177
1511
693
487
35
3497
9758
7201
7739
8298
3867
2584
3516
7829
2890
5722
1231
7491
9169
4547
1131
4346
7355
7309
1533
8305
1192
6486
3694
5526
913
3226
2207
6567
883
9845
9604
7289
8540
2592
7682
2755
9819
5434
2262
5311
7859
7915
2075
7687
5277
9478
3840
4021
8224
5933
9594
4485
3748
3945
846
6338
9990
9531
6807
6767
5800
1682
3518
5566
5115
4094
5567
644
8233
9682
6859
7757
9847
299
1929
6797
9950
9833
1201
8732
1866
9583
6191
8430
3015
5191
4156
3662
1761
2957
1239
3647
7061
515
2289
4193
7718
7493
6341
7408
6264
7837
881
7854
5877
2521
9399
2466
8743
3116
6450
6846
2844
7330
2407
5703
7000
5271
482
2963
9346
4173
6767
55
7710
4174
9616
8621
7979
4321
8331
6918
6599
1715
5710
6462
3868
8798
9256
8340
5743
9044
837
8488
8331
7389
8051
856
3793
1224
9974
9996
3344
4323
9323
8938
6383
2943
4795
5091
7176
8287
8612
796
4243
6662
9873
8385
5907
3781
8487
1325
376
5860
4285
177
213
5094
6720
2150
6290
5988
9055
5935
128
6604
9106
4217
3996
1509
6356
185
5355
3777
4499
1153
4362
541
2162
9694
333
4030
8228
4372
6358
3901
1725
7739
8302
4667
9514
4869
2636
1465
9754
396
3089
2867
5853
6429
2894
8160
6220
6213
8
6135
8095
5638
3773
1360
6188
2082
7991
8284
1706
351
9237
6102
3420
9359
2025
712
5832
648
5029
6662
4261
6827
3729
4789
2505
2116
6009
1997
2653
8514
7395
8814
2108
6439
8472
3905
5198
2898
3239
8398
3488
3032
9760
7147
669
2064
6024
1390
944
5514
645
5625
484
6250
5890
9988
59
4267
6431
7983
6981
3539
4322
6173
7599
1806
7181
9387
6344
9841
6551
5421
2150
1594
9817
6329
5238
819
9094
195
7903
4486
7567
3051
8227
3340
3
9626
2656
1786
1505
5339
994
4704
6859
8602
897
2100
2726
2324
5997
4206
9763
4885
4378
3001
5992
4076
2383
6939
195
8835
1556
7462
6162
1901
6376
6985
1973
8265
8206
3920
9954
3324
3357
139
3931
8651
4339
6804
4674
7538
8466
3531
3606
5545
29
5736
5623
3531
7149
4263
4755
8941
6784
9763
5856
7977
5965
5343
8764
4372
7277
4293
2086
5997
6248
5496
5971
9189
7384
2909
6156
8083
4034
481
6554
1257
9516
1713
2650
7408
8474
9580
1337
3324
6526
8745
8498
3606
3935
935
9094
8895
3365
2631
5986
2461
6748
9719
2515
9812
3763
7111
2017
3913
700
2255
5336
1231
5062
5440
4459
6660
174
6206
6203
8371
6364
7209
5425
2983
9467
9172
7167
8369
1837
5240
4825
847
4840
7131
6176
62
2129
3951
147
8424
545
49
9776
6696
5257
8597
6179
6448
9951
7835
2694
4870
2601
165
3583
4403
5414
7615
112
9932
7347
4030
3589
4539
4231
4939
2915
3244
5972
2420
5279
3939
9568
3226
4891
5873
7466
9966
8992
1806
378
7332
4158
5319
1653
3886
124
8856
8238
6848
9752
3613
3646
2473
8247
652
7117
8399
9977
5264
9651
397
3274
1910
242
7706
7823
9564
8594
2091
2706
6224
243
668
8955
5154
9127
9810
9886
6859
7848
9330
5522
8494
7323
3498
4304
8530
8886
8090
2252
1319
8938
8952
6577
3208
1823
9614
263
2646
1814
8206
9490
5852
4452
5952
1273
3881
9243
1431
3808
4273
3861
4023
4954
1287
764
3717
7880
3521
4771
5774
5058
6189
1133
2025
4952
6456
3270
7355
6990
1517
2133
8531
9359
4405
4584
9992
413
2405
2106
3420
1268
2207
2740
6430
4278
416
6691
1837
7690
2462
672
6427
3338
9454
7359
6340
8072
1976
2176
3312
9219
1977
7024
4554
2984
1061
3500
1365
334
2513
9337
3878
803
5567
3954
660
4030
9049
6035
9657
1026
517
9248
5805
8973
1329
9855
3221
3363
618
1550
2489
2018
4905
8169
300
8039
2340
2071
2977
8792
6099
2119
3534
1769
5520
566
1791
8128
3559
8909
5285
6899
9377
9832
8258
8827
8434
3988
4520
9678
7625
4366
4146
35
3674
5332
8599
4652
2574
1859
8617
2739
7018
7679
2687
5944
6696
4291
7330
4838
2933
1629
8310
2917
2312
8887
4017
3570
812
3473
5454
3056
1684
9349
9789
7528
3528
7404
2677
6856
9204
3391
9861
819
5519
5112
4190
4978
7376
9892
4701
8637
5037
492
8515
4688
6873
5025
3035
5514
6188
5362
8583
5293
3318
1586
6070
9943
2656
4978
7699
1510
4166
2583
5406
6807
9350
1968
1229
5699
9166
878
4679
9524
6856
7441
8353
1667
190
779
4414
7531
511
4825
9626
3215
9686
4719
6350
1798
3550
9458
6405
8925
7023
3981
6957
9664
2203
7636
9042
2329
5231
7926
9195
4693
3672
3197
9649
8007
1756
4861
2484
7595
3496
8718
2309
5287
3949
8428
567
7687
9000
9626
1520
6851
4633
6162
2660
6447
3272
1050
9180
8677
8740
789
8393
4727
8543
8525
310
1693
2959
2405
5501
2811
9340
1785
9619
8628
721
8426
5637
8259
2480
949
3129
5845
9124
1666
888
8020
6480
6504
2204
9128
8921
6782
7872
4039
3114
7887
8519
4333
6846
2195
3866
8730
4244
6907
3330
5325
4089
7143
1391
8493
2053
1908
5228
4105
8845
4602
7911
9595
9191
1877
6513
3905
5449
2510
5842
9876
9842
5417
4875
7642
1207
6314
9064
5058
3347
1891
2304
8329
492
2264
3894
5168
3060
7393
6705
6101
7979
7717
8925
8038
7613
828
2474
8404
3123
8909
5462
229
2053
8206
7586
3101
8494
7333
1540
3950
5210
3124
2161
3599
7101
8862
3415
6643
5666
2789
619
5002
3103
7495
4447
6442
4776
6915
8590
1844
1011
4765
4586
4833
5491
7381
2156
7914
3404
2790
894
6993
1750
3285
7334
5986
5491
5272
8306
9005
2710
6764
1436
2061
7843
2670
6245
3385
82
9509
1936
5217
4964
2567
6267
3566
2689
4919
4816
3262
8559
9528
135
550
8342
1438
5922
2131
3510
8886
8646
7661
2428
655
9437
740
1223
2289
2496
7756
6735
502
6514
2192
3102
2338
5873
9091
8505
4488
2176
8657
2611
8824
990
7540
7274
5468
3278
6666
9156
734
9978
2096
9541
6148
6420
4983
7863
1815
5228
7739
3571
8922
5290
8682
1881
111
9988
925
4026
1010
7702
275
2711
266
437
6012
9765
8174
1454
1022
9720
2300
8074
6382
5135
7972
874
4726
1376
5233
4197
3685
9142
9457
8138
9605
7876
7729
6936
3010
9252
3400
332
8719
4669
2638
6171
4381
8760
1308
4810
509
6521
6578
4856
7221
3705
9273
9118
812
3044
3857
9124
6950
7923
9382
58
5397
2963
9386
1787
9736
9930
6723
9773
8783
1050
7720
428
7002
2093
2077
2189
5036
4005
6621
3011
5898
3419
2547
9039
5068
2128
9009
9086
7355
8593
2452
4021
5336
2141
6700
6076
2156
2571
6164
6442
7624
3667
8551
5728
6064
1530
4246
5296
2193
8718
9149
5697
1589
8914
5238
1032
849
2484
4635
1391
4619
1258
9678
194
4585
9168
2189
3540
917
8839
8625
8848
4625
2507
2961
1975
4139
618
3234
3329
7816
6644
2850
2946
5919
990
8900
8928
6795
3215
2038
6080
380
7041
3754
9932
1614
2136
2935
5904
6996
8680
8912
8927
9105
2667
6784
4446
1899
8337
4657
2514
7658
3338
9773
682
8966
4889
5951
3853
7350
1114
438
6517
1371
902
2585
3500
7950
2182
7232
9868
8703
1860
8272
3108
2382
4823
9253
4500
6006
8135
8733
9985
1083
5049
4115
7940
895
3029
5386
8641
9064
7737
3370
6086
8633
9251
65
5637
5413
9879
7639
5740
7536
6364
1719
6230
1566
9532
4635
1739
3386
8352
5466
9937
1644
6304
4943
9512
1363
3719
5028
2555
2061
364
888
763
1616
1670
5417
3082
7614
9463
7044
4600
2154
4356
3947
9005
6007
6684
3718
6266
2560
8107
5097
1884
1254
1096
379
8969
1838
839
4300
908
487
8998
4212
3791
8390
6131
2874
7442
2157
4221
1681
5147
6240
6936
173
5563
6723
3867
2392
9758
4890
1981
5156
9991
4534
1160
6213
3173
7390
8374
8585
3367
5274
1426
6158
501
6808
4422
6796
9413
254
6101
5465
9413
2782
4745
9712
9059
5987
2619
3425
1801
7595
6112
7812
347
6417
7833
7902
161
8892
7899
2590
4994
5076
8424
8541
9784
9101
4503
8146
6437
592
4409
4587
3345
1185
5814
2518
6629
208
5126
7336
9175
786
4296
8511
6358
6593
6017
5260
6354
5540
921
9941
7386
8811
8334
1753
8663
1674
893
1704
5721
3484
4333
2971
4391
6538
6384
7292
8797
6903
7147
6044
5713
296
1388
2582
8205
519
7330
5565
3394
6282
7993
2434
3411
9166
9576
2866
227
8091
7446
334
7926
5344
2397
1012
4985
6095
8975
8787
8116
4631
3183
3331
9956
6961
6846
8376
2255
9217
8609
2697
2115
2203
1507
6339
6565
6850
8255
4476
9556
1228
9287
8499
1989
905
3618
2282
1600
7718
7154
9626
3400
2686
9524
5697
6016
1450
5699
7405
3316
1575
8392
1537
3459
6655
2768
7013
6508
3876
3528
5168
2779
5578
1628
8430
971
6614
8389
6028
4636
3428
162
7597
6033
9640
6574
3919
5443
9619
8963
9159
7483
5260
9303
5611
9498
3346
8723
5226
4629
3651
6088
1888
3618
9997
1360
8777
6430
1909
5377
6305
8373
9471
9226
8414
1137
1544
1344
7162
5953
6450
9055
2019
7298
3391
4310
1973
7764
5806
8574
9008
1433
108
7635
4350
6429
4126
3557
6437
404
4403
1940
4103
7578
547
5454
713
5384
442
1893
2005
9593
9370
1751
1060
1511
3528
8393
8870
3968
6812
1655
6783
2110
2265
3303
691
58
3656
402
2226
2960
5986
6646
7050
8255
8364
1048
2713
1092
2547
4089
6403
1616
6952
1793
1035
445
1885
4961
2892
5873
2203
5388
4796
3551
1898
6711
7269
1435
4365
4807
7951
7179
2751
6574
3087
1117
1123
4113
9216
6271
6889
3653
8826
2709
4601
4538
4347
6886
5592
5688
7427
7899
5104
1110
3906
8068
946
8066
6166
250
108
738
2093
6803
59
2080
3621
8007
5411
8041
5447
4597
7057
6303
646
3035
6065
6908
4039
5847
122
1567
3432
640
2980
2366
6039
6354
6774
9254
5372
8530
1014
3349
9261
8767
766
1038
874
4018
2806
7625
2536
8352
8417
4119
3023
4204
7152
7237
2818
8292
6406
8857
357
5928
9411
4601
5780
5207
5573
3622
546
6160
5564
720
6330
6230
5860
4186
9861
7602
4120
8507
6030
4324
2295
1506
3606
9349
9163
8189
6882
3917
2075
89
8277
93
2880
5794
7873
9540
7370
2203
8425
8911
1516
1997
8026
7018
5722
5603
4749
4654
7398
5924
6113
1981
3705
2146
7020
1308
2722
5141
8218
7176
2186
6009
7517
3230
3914
9120
3173
4532
3575
448
2845
4421
8959
5622
9225
9629
7678
5084
6185
5932
5288
9353
7708
2311
8294
8587
1413
3705
3740
2978
9240
1839
5204
2289
3379
4373
8605
812
920
8031
8971
6839
5328
6240
5551
1787
7643
2606
8103
1548
5318
3428
3369
8107
9830
7548
2160
3771
1262
4801
7759
6388
9524
3045
6413
4640
8984
1194
4107
9783
9167
3138
5565
8848
6653
4612
6813
8878
7256
2876
3215
3885
6842
9169
9187
6758
2570
2703
4562
1692
2467
8940
4386
941
5121
9551
4460
5960
5
3551
1265
4494
2364
5109
4161
427
2098
1447
8890
4493
6924
6566
594
4376
4835
4817
6615
4219
9537
5422
1501
6389
5769
5387
5049
572
268
5904
2766
5178
8021
3764
9614
5627
3330
4808
8297
3282
9786
3731
2084
3160
9349
3957
9218
921
2701
820
9297
4512
7186
3967
4961
5910
2927
9260
9986
936
5272
7763
8380
4127
7376
3269
4081
7687
4466
999
2381
3861
7227
4013
4080
103
4471
2643
5708
9507
5741
5274
7407
2510
9279
297
1960
6066
1634
7245
3455
2777
3316
348
1504
1194
4391
6179
6136
1101
2641
9564
4373
4726
9674
1284
5361
3528
9897
4562
6235
6525
7213
3114
3960
7949
1528
862
4231
9847
9117
7038
6842
4547
400
535
3821
6889
5648
7072
6015
5236
2239
5640
296
7715
6584
7624
2416
5699
2160
8490
8828
244
7304
9310
8375
2608
5337
2701
6884
2327
8552
494
7629
6590
618
9185
7689
4593
1640
6243
5266
1807
8755
9484
1993
2640
3997
9883
4350
622
5055
8659
1779
1666
4547
8351
6286
9542
5014
1936
9699
2390
2320
9350
9300
1401
6325
6799
6685
1530
1611
16
4221
7131
690
7712
3340
5769
7405
7200
1545
7759
5473
4216
5482
9226
298
7026
5724
9530
5054
8407
406
8456
867
6618
8846
4656
6353
112
916
1790
9999
8399
4512
7322
7651
6068
8477
9329
2129
8145
4464
8909
3750
8028
2428
2351
112
4418
4842
3071
8444
730
2252
8611
8919
883
2971
3314
5208
2920
4557
6931
2689
879
259
608
2304
9102
490
6270
4448
9300
6220
8340
9454
1361
7348
4238
6438
5926
635
2885
1815
8966
475
4596
7709
7115
3977
9924
8037
2771
1448
9888
5994
5158
7948
7986
9776
8782
7601
9158
7477
5233
4594
237
7966
8779
666
2085
7157
8951
3838
1780
4522
5087
1163
4719
1703
5100
6542
323
4408
5908
9089
6333
9258
2000
3343
6369
5634
6305
2057
8126
8566
8856
562
3117
6369
7728
2948
1200
5985
2501
8187
2452
7878
9827
1203
7761
228
5148
3528
5982
6583
4216
4623
2320
2894
7165
6656
4621
4709
4419
4404
436
9576
2581
903
4026
9323
2094
1086
4584
5962
5978
6329
3088
9849
199
7941
9204
9825
5863
8965
2278
5334
5869
2235
5227
4300
8463
9404
2773
6155
4214
3468
4139
5569
3667
7123
8350
4796
3719
2546
7453
5710
2183
1580
5557
5367
8396
4883
282
4765
4288
5834
180
6888
5697
7832
5227
4699
2379
2098
7694
9304
9954
988
3734
2835
960
3725
9055
6551
1526
7628
6401
1679
3822
2603
2916
776
8350
5335
8987
7750
7570
6026
2377
2897
2010
7842
6145
8511
1599
7835
6467
8887
8630
9822
3232
2642
2754
8770
2393
3806
8934
9523
7107
19
7054
6256
2874
3242
3164
4423
4178
5040
7206
8279
5115
639
5221
8641
9991
4110
7468
5171
1154
5984
3614
1062
5911
4106
9048
301
9053
1101
1534
1572
923
8231
2793
1456
6960
1524
3290
3696
4977
7940
749
5586
7205
1956
9030
3080
9056
7312
6647
584
1532
463
4755
6786
2389
8274
8089
6420
5694
5584
3614
7081
7963
151
7703
772
3086
4164
5667
1003
9433
6117
7137
263
4209
2581
968
173
7919
9807
7870
4372
4566
4698
550
6234
7806
2952
208
2531
9474
4482
3081
4892
7217
5009
5952
1529
4810
6239
38
2554
6842
429
471
7739
6950
619
8379
5136
6687
2225
9845
9774
9500
8188
883
2539
3554
719
7620
1719
6651
2748
6433
4973
2876
4792
6835
7287
2082
7605
4970
1245
2441
4369
7763
6139
9387
5073
622
3900
571
6515
8438
582
4265
9420
1195
4723
5586
533
5443
5215
6752
2232
6422
3247
5144
2696
6869
6070
5436
6445
9353
6655
8457
9706
4124
303
1086
7426
4240
7784
4349
8735
4595
1512
7297
4409
6932
9186
8209
4298
2532
1641
377
2072
5173
3266
5355
8274
9429
6875
7571
8764
6839
9631
2420
5700
3297
7375
2002
112
7622
529
3283
5244
4444
4592
9263
2149
6564
2092
7713
7088
3040
2086
9563
346
5895
4976
6680
6417
237
3543
6273
5078
417
6979
9865
8114
3614
7556
215
2878
2455
7709
812
5876
1282
9773
1013
4211
4019
1655
3284
1123
7871
3076
3709
8049
4520
9854
6062
4819
901
6959
2888
410
6935
3800
3634
3000
907
2407
6202
5565
9111
79
8163
6620
6088
9780
8095
9067
6324
2701
8767
8554
4927
2827
718
9288
3093
9845
8637
706
7361
2988
5501
7347
4379
1672
4581
428
2931
1934
4475
426
7759
6876
4739
6271
7397
4160
5590
2524
7351
3793
8557
9954
9982
2070
9004
9751
6771
8102
3914
7815
9051
9630
6928
8405
5902
7815
3714
4269
9959
1509
4593
1206
2531
8494
7746
2856
8562
9132
3925
4510
5893
2001
8008
2779
4944
8375
9161
3883
8721
5307
9403
8668
2534
7789
8559
4165
8797
7390
2087
5116
8361
2888
1309
1916
587
705
5494
3059
7567
6764
4450
6899
8494
1028
9413
6000
3328
6897
4903
5603
1995
7461
3902
9270
7823
3542
8598
8523
8751
1762
509
386
3679
8732
4735
9500
3753
451
4066
9617
6860
6870
704
4507
7507
3151
9985
8845
8371
4537
1869
8794
6871
9683
8740
5072
8111
3103
3270
4675
4439
9344
3287
5126
7398
2993
2728
6235
5242
7260
9320
1132
5459
8768
3354
2426
9640
2284
1646
8193
4558
5426
3172
3973
2935
3123
745
3642
2388
7370
2072
6940
6191
3928
5819
2438
7283
1147
2197
9884
185
8289
7164
4706
3915
7047
2088
6598
3385
5792
6613
3048
5947
8271
3332
9067
3275
4616
8372
5119
4807
6910
9708
3768
7943
7835
1190
2282
5914
3317
705
8141
4922
8543
3039
273
2965
2226
4193
1411
5240
8458
9623
8485
2131
5498
9843
1415
2686
2747
1245
8360
6868
5815
7002
8723
5527
8560
7580
1842
705
6885
6422
9736
9857
9258
2266
6706
4574
7578
9242
1998
9862
7515
9062
3054
516
4289
1834
8680
3294
8065
6003
4904
5690
7789
3695
1844
7639
6244
3467
2306
2067
1095
394
9849
577
8502
658
114
7748
3503
1135
5225
4090
5863
8993
6253
1498
1774
5573
9768
3391
3877
942
4376
8096
6147
8956
6765
6226
439
7598
2342
1325
9965
8140
6786
2574
583
5637
9002
8421
8417
8785
3613
2937
4454
5660
9337
8760
2259
8773
5895
9008
5977
6927
9031
5628
1766
518
9241
4831
7021
6752
9115
6817
7154
1417
8638
5975
3882
6078
3519
1989
5926
7862
6447
5210
8790
3408
5955
8281
8114
9949
270
94
7009
2819
2630
2735
759
3705
1149
6436
3829
5161
5784
2589
1805
9775
2910
9210
3337
787
9257
9413
6730
7344
4349
7343
7497
7827
575
4806
5488
618
5398
9994
7186
877
1387
741
1979
6419
8326
8999
7145
1906
362
9939
4900
9385
1770
5666
5045
6967
6361
7729
8044
9887
3794
3280
6633
1913
3045
1555
2238
9964
6745
5111
8235
590
9350
9720
7137
9972
8631
8826
8026
5605
1030
973
3941
2370
7515
5148
589
6097
2618
7876
6545
8324
4369
9616
2909
2174
80
291
3295
8971
3941
9437
9063
7135
1032
8979
7524
5952
3299
8806
5860
7667
46
6538
4076
7307
4708
4766
8141
7961
7855
9202
2041
4196
8915
6986
5452
6026
2505
5882
7988
2952
7356
577
615
5553
1157
6492
4410
6941
2647
9731
5499
2862
149
409
5614
2408
4515
7872
6561
6368
2397
6429
3401
2026
8541
690
8617
2607
9970
5415
6712
1864
8938
5567
6745
8785
4524
2472
5634
6537
179
9228
3497
2628
2893
986
2538
8776
9582
9073
4993
9556
7439
6104
2862
7546
4943
935
9109
4123
893
8899
8755
4620
5664
4552
1854
9765
9197
7399
6225
5646
9784
1524
4488
8870
3691
6975
9776
6888
6981
8401
4044
1856
7032
893
3821
9978
3885
5199
1527
2817
1168
219
4746
8606
8292
1106
5942
7695
3575
1980
2023
5746
6096
2098
7224
3596
5234
694
7140
3637
1732
6369
6707
5264
7962
6171
3521
6224
5584
7875
9223
444
8740
2338
8110
1483
3040
1239
169
5264
3722
8896
8693
9766
8901
3322
2711
8497
904
2576
906
6174
3944
543
1855
6165
6408
7597
6493
5714
4292
6421
8008
9475
6078
756
9802
7303
777
3139
8466
670
6136
2934
9757
5711
4641
9284
1507
4253
115
9929
7590
6214
5657
2620
1400
6199
5349
8445
7470
7435
3882
2120
8275
6958
7309
3467
7588
1864
7710
8663
5498
3798
7845
1900
9982
9064
2130
2019
2933
3073
2991
3415
5754
3608
6660
2448
1166
3962
6545
9242
9720
7111
5101
8813
2134
2311
8719
4522
1186
7768
6942
4366
526
7658
5924
663
41
8253
1244
4687
2097
2222
4770
2738
9209
593
7708
9198
3798
9828
218
3926
8538
4046
9620
57
4558
1443
7743
4582
2728
7265
2283
3217
9619
7652
8445
6487
8385
5812
4381
717
4867
7465
5816
8114
5983
6747
1621
6286
6211
3505
2010
4338
5125
3159
7509
3527
3922
7838
2979
7394
6340
3155
1750
8913
103
8745
6608
5943
5621
4473
41
7162
2538
4088
7081
1416
2833
8392
5570
7126
6941
7400
2521
5703
8085
104
8218
3822
9594
1880
5957
4777
7558
541
4709
9844
2535
4944
2620
6034
1811
4458
358
6769
4560
1407
5526
2501
6377
8693
9474
4457
5322
103
9270
1841
9445
1443
5451
9539
3298
9180
2830
1278
7894
1072
3211
7161
4958
6577
8381
4692
6795
4557
445
5993
5862
9630
9146
9433
4346
4679
4442
9799
7743
5550
8309
7247
6930
9309
9652
6568
670
1067
573
8481
4623
398
9888
1208
681
2296
6597
209
5050
7877
6329
7279
2380
5771
5957
15
2810
9413
7741
461
8842
2627
4174
7767
839
4718
3453
966
5461
703
5013
5706
8273
4204
2933
4660
9367
2227
7037
3366
4363
9991
6273
4263
7275
3937
888
6004
1901
3170
4497
2581
2118
5063
3721
4566
6999
6606
7026
4527
1778
2684
6504
4566
3802
6465
7412
3124
4587
2858
2794
3142
5606
774
58
4509
9902
9496
7776
7481
665
8640
15
5784
300
892
3907
6255
6675
3862
6395
6203
4816
1381
2319
6775
5866
3584
1165
5761
7238
6097
5085
4582
2566
2321
6422
5854
4856
702
1930
8898
6884
5034
6235
1710
6094
9725
987
863
2700
7721
4280
2846
8572
8063
3688
743
5297
2735
8257
8980
9488
629
8014
6281
3228
626
2566
989
4118
7999
1542
6695
4762
7862
5569
3466
2427
6778
7020
7274
5205
9358
105
6278
7160
6353
1667
6597
3825
9440
552
5012
7259
8648
7855
2863
3049
396
9681
9045
4257
6281
5283
7598
1958
3144
6789
8047
5272
6167
37
8554
1156
1175
1650
4529
8146
5167
1535
8559
5213
2083
7840
8709
9723
873
8268
4752
2638
3225
3483
2154
7670
6530
6619
5567
5119
914
7042
5984
8317
9300
194
4236
2768
1936
8604
6128
3945
7858
7396
723
1205
5700
8455
7510
6814
3473
5988
9663
6309
8366
7069
6878
9757
7623
8508
2919
8259
7092
5207
3577
4195
8487
5940
9740
784
749
4956
5916
9748
2594
8033
7687
3930
7549
6238
6697
498
9830
6840
8355
5412
9297
2480
3661
2559
7021
4871
1036
4296
6185
1180
1238
6398
5260
4198
6341
8946
7428
304
9043
2544
5443
9697
5112
8964
4581
2957
6451
2568
5844
1486
7267
7921
5967
9174
8614
4126
9068
1472
5681
1929
6973
9678
9245
1418
3469
412
5368
6589
5870
3999
3939
9868
7923
9342
6329
6565
1540
5593
3542
2590
6802
6844
781
559
6752
3775
4221
5232
3046
4605
8956
4530
6239
7966
6911
5075
3525
4499
8214
5494
7167
5216
9667
255
4325
6848
4152
127
9217
740
741
8724
7896
9577
2361
589
6354
2096
5337
8801
7973
4345
3059
1902
4462
117
7430
1219
4812
8650
3826
9623
4597
6273
6575
8454
127
5881
7427
5345
1501
5848
8344
7112
2325
3177
9068
3441
2338
2282
1482
6062
7038
5260
8520
9414
6278
2458
4185
620
1330
2519
5032
1948
7357
9688
4199
7137
180
3743
2171
4357
2341
9324
6698
5127
3233
6990
3279
584
3766
163
2737
421
6864
2268
9142
7501
1010
4965
6359
6332
9946
5242
1996
3
1319
6812
8582
5473
3972
1106
8408
7576
9790
5808
2003
2024
7129
7560
7182
9850
8833
5235
4148
6159
6677
9023
8667
6855
2946
1071
6461
7292
2562
3184
5137
3380
9392
4082
6421
4589
2509
2078
9062
9958
8396
359
7286
5209
4290
9287
6809
801
7226
1482
7594
7229
5741
8474
3997
1810
8877
4429
9588
1217
718
3378
8436
4524
5072
5364
8554
6436
5872
6427
6137
5207
1384
7113
2168
9001
5539
3780
6058
525
2994
3006
281
7820
6636
4788
5140
6901
6126
3378
1
6369
2362
4653
463
2095
2961
2430
1785
3818
5728
9528
1741
5623
5478
1339
2445
5252
9349
4785
1801
7831
6680
5963
3421
3237
6768
5293
6012
7564
2079
518
6450
2206
1526
9050
8872
6064
648
2714
8512
1712
5863
9517
3189
6924
2584
3583
22
7850
7992
5686
3114
5653
740
1988
848
7840
3733
9028
7070
680
1823
2103
9450
7796
4691
5959
5347
6491
9102
4475
4008
6430
2992
481
1584
7887
22
3594
1054
3613
7931
2438
7428
481
7055
6549
7225
3914
692
2565
208
5615
7078
4800
6491
8257
3144
359
8282
627
1238
1064
6362
5300
7731
9547
8636
3335
6407
5060
7804
4520
5266
4773
8683
891
9949
770
5474
7623
3287
8880
3056
8477
9329
8743
1725
8222
9890
2390
948
8867
7194
3962
739
5746
8967
438
8064
1583
37
9854
1425
7524
4953
6804
1203
3377
6931
1613
9296
2740
3070
7975
9522
4905
613
6049
2106
6026
8139
6048
7445
1692
6329
1469
5877
2549
286
9404
6261
6572
745
5435
7763
5207
4659
748
316
4214
4201
4607
1895
8025
3111
1732
1659
4706
4520
6132
2325
9640
9189
5407
4270
8916
938
9571
3202
9843
1928
649
6703
4527
9957
9646
1294
1599
5986
9170
6266
5305
272
9790
1329
189
4821
8041
8545
6945
1417
5070
6141
7945
446
7804
7405
847
1894
9
4287
9360
2205
2428
9540
3939
7579
9772
560
1524
2078
9365
9242
2063
9126
2708
9371
8152
6090
1235
5871
62
529
4329
7386
3916
8051
6812
7714
9903
3277
9527
7412
4880
1356
8303
2316
365
5803
4031
3800
5444
125
841
1224
2688
4210
3225
2094
6943
1791
7034
2853
7617
8731
4205
672
5059
8981
4902
4569
14
5434
5801
6320
9457
3542
427
6465
8300
4008
1181
8652
1743
5721
2887
9438
1671
5558
5609
2772
298
3955
6542
239
2071
7074
5280
9270
6709
5002
6696
4506
7222
3794
6740
6879
9527
6725
581
9541
6295
7629
1326
6462
1289
3128
8073
8666
5436
6134
5133
2321
4699
190
6413
6271
7003
725
1114
7905
387
4988
8480
1685
3624
1710
9883
4797
1815
2350
3044
8729
8924
1112
1702
9160
1638
1156
3451
5244
5825
1589
2165
4252
273
8224
5469
1972
2229
8081
7594
310
9523
1629
1410
8401
2824
568
4671
6735
5999
418
9748
4254
7253
2503
6936
5595
960
252
15
2480
5534
8150
1058
9441
8905
780
5971
3721
3957
8210
5748
4614
4191
7219
5434
4534
3909
7234
920
6984
626
5339
2551
1229
3753
9484
7918
345
7104
8592
3299
7247
6978
3274
1539
1004
3723
5687
6561
3503
8047
2296
4528
5081
8031
4488
9594
3042
8353
4237
6896
6639
3421
848
452
8640
6277
8840
2346
6039
7315
3067
6022
6014
1489
4930
8207
7056
2003
8255
8951
5059
4994
2460
5893
6079
5764
7369
4555
3323
5252
1744
858
3755
4093
9760
2618
5875
7657
1065
698
9682
4027
4823
8269
6664
952
2427
5250
135
5077
8763
9933
6039
9152
3602
9914
3768
3303
926
3639
8141
3638
6373
4064
9734
8234
19
7929
5219
5721
7719
5326
4329
8574
9227
4437
6229
476
7661
6267
5703
3158
3965
1623
8808
2313
9870
149
3965
2014
487
4367
1917
9533
1446
475
969
2887
8925
7540
7938
2357
5465
6658
5755
4964
3970
1436
2148
4581
4518
9643
6197
7828
4917
7005
2105
6529
7090
6770
132
1110
6410
5002
6761
8551
3338
8131
1620
2980
6408
3960
3773
8697
575
2070
8356
2005
5372
3028
3159
1223
2928
9320
3510
2813
4879
5329
8839
2062
3461
3900
3109
7928
6040
6095
2883
2912
4027
3871
7151
8053
7921
3995
4521
8953
7829
3052
6890
9040
2297
1625
5906
2937
5561
2619
9718
5703
1232
2759
7691
22
3758
2050
5777
9741
5656
4923
2283
1424
3206
4483
1495
1024
836
8753
3456
5708
6654
8475
9581
6660
5616
2022
5293
6629
6061
8154
852
9255
9504
2016
9722
8616
5890
3570
9971
7015
6572
7484
5382
7355
7391
2245
3735
3038
8976
2489
5501
5009
7989
6485
2752
5945
4709
3638
3337
2820
9490
2997
9965
1965
6053
5856
1776
3160
8076
5659
7198
3386
1304
6991
7547
9129
3442
6761
406
2637
6323
2881
6699
3911
6382
7997
8930
8934
479
6526
2120
6073
7998
6852
7619
2300
1742
205
625
2868
5227
8926
6065
6445
1683
8622
9796
6881
4573
4158
4703
2931
2142
5765
963
4404
8986
2416
1539
6079
1124
2891
5403
8025
2066
9835
7708
9918
1863
1971
6967
3568
1185
2075
467
3812
7174
7714
748
4181
420
8944
755
6384
2131
9591
1814
9791
2948
9267
1416
2974
6420
5447
5186
5549
5258
9775
2056
3513
7060
2162
1147
4158
5075
6790
943
1058
8050
8791
4767
5988
6040
480
7255
9717
3100
6544
2799
9413
625
7872
6921
6220
7085
4504
2369
8001
9399
9664
8872
7543
1148
1525
7134
5792
9455
9222
1855
9436
1717
3744
7274
8656
6163
9687
545
8210
8564
2204
184
7859
7293
4464
3824
5038
1003
1273
7513
5693
6450
5578
4402
276
3769
2370
8186
3986
6900
8382
9242
2625
2360
6878
7407
3248
6451
2546
6526
8038
4402
4362
5156
8453
2000
8016
964
4788
9702
3224
8746
8316
908
8295
4223
2938
511
7329
3513
640
1511
2519
2080
3845
7614
1363
5181
1638
440
3572
5817
8800
3142
17
8188
1288
3617
8743
8782
5188
2417
7745
1863
3365
2965
2901
9033
9897
1024
8494
3895
123
2586
3205
5367
4183
4337
9412
2047
2093
2186
193
913
5978
2627
2999
1716
1319
3196
952
2668
311
1549
8046
156
6188
4235
1909
7995
3342
7933
6291
4169
2517
5981
6629
8224
8503
9469
6351
2085
5715
3851
6939
8849
437
6079
8512
9078
7032
430
308
4507
1003
9525
7103
6974
9369
8892
8254
3361
6321
9368
4939
7044
708
236
442
643
4370
9004
962
2651
2119
48
8147
8753
1088
474
3384
8752
7282
411
7552
8788
8729
7831
450
7548
5221
3884
8013
7770
6948
2839
1190
2159
2934
9650
3749
223
688
9262
8027
8356
597
7146
8706
4476
1194
9879
8466
5067
8116
6203
7668
6983
3865
7442
9970
4821
6153
9458
8903
1484
2175
2402
6323
2783
2009
6718
7457
606
9865
8790
8322
1851
2262
2241
4453
8100
6495
1972
5507
5320
559
6655
6905
8142
4419
7735
2536
4902
7134
1721
9003
9623
1869
8157
8041
1662
1782
4013
3034
4255
7160
529
4857
1723
7996
6775
963
9034
3676
3071
5635
2276
1680
5810
1348
7755
7469
8844
9973
7266
5401
2381
5108
4704
9240
1302
9871
6316
5244
386
3530
5907
2630
8322
4342
2314
3519
5251
9632
7717
8830
8464
8705
2920
7151
7151
8326
159
6050
3950
4106
1538
9603
1325
9720
3792
1224
6820
2770
2195
5282
4908
8540
3058
5800
8011
9348
95
7160
5931
9719
4513
4156
3712
8427
799
9989
8287
256
7312
1682
6469
4917
5829
5321
3307
7054
8415
9245
1376
2697
5952
1395
3497
2508
5976
2393
6032
780
1658
9154
755
6415
9598
9268
2167
193
1455
7811
3017
6623
2425
8496
4118
2245
2236
723
7027
2375
6768
3283
7391
7873
6905
9933
1003
2651
731
1728
6119
6740
9090
8195
7247
7302
3766
6073
1396
4854
5235
9517
5235
9214
1830
9509
22
4518
2633
8314
7622
343
7022
1026
8361
5618
5652
2270
4018
1003
9774
4657
9348
391
7125
6477
4486
9283
6499
9799
6296
6935
634
7813
3748
3673
5805
1199
42
3214
5955
9240
3997
2375
2224
2786
5611
5265
4594
108
4341
6964
7838
7778
8872
65
517
8605
139
8960
929
818
2761
7824
3278
2960
487
3562
9648
6605
9627
4245
2666
3693
4848
5455
6097
8504
567
9580
1823
5972
563
8132
3974
2619
6415
481
9075
4385
8533
3883
2504
8230
2954
4796
7211
6225
5263
4725
1093
9431
4388
2413
7490
523
6366
2565
2916
4916
3426
4334
512
4339
6655
9969
9857
6742
9230
1389
1561
6647
2032
8911
1234
8616
3696
7289
4875
3853
606
7750
3321
9885
1200
3101
1788
8956
770
8785
7815
5718
1656
5262
2679
4958
439
29
3056
369
1293
7839
7205
3024
4181
2630
2365
561
6463
7451
5582
9558
2239
9830
5848
8358
5832
3402
7249
6536
1792
1003
149
1033
470
2967
6920
2487
3231
5615
7254
8595
8879
3700
1129
9923
7178
8364
7409
1915
587
9122
6272
6868
9062
3946
7402
1393
5454
2441
1693
3701
2840
3009
8619
4135
9967
5784
3383
6037
6815
1649
9372
8031
5263
7469
276
4258
8332
4304
9169
2660
9185
6504
8264
6379
1807
9576
9527
462
4965
4094
8785
7511
1060
8588
7070
2036
5755
6150
8575
4727
2367
7683
739
1348
3282
2104
2882
9069
4524
7887
2543
3440
1147
2435
4617
8557
8044
6570
7147
2495
4879
348
6167
3543
9678
5712
1091
4238
8194
8202
5146
8894
2700
5750
9119
4986
4434
8438
9642
4849
6418
5372
5638
1278
4407
7709
2715
3187
5642
2004
9544
7468
5256
9341
5819
189
796
3493
6482
4332
5717
6956
2428
3616
8842
9023
1349
3048
8158
617
4145
1566
689
1146
5048
3165
9545
1005
975
894
8757
8275
8102
8060
2438
4792
8477
2050
8555
1385
758
550
8464
2120
2726
5280
4933
2637
9503
4901
311
6073
4589
3097
8429
2533
8264
4699
1806
9458
3291
7601
4246
7842
1544
5379
5267
16
732
814
5198
7466
3536
5881
8131
5394
9303
6972
4195
999
4091
2427
3315
5602
5375
5188
3925
6747
5269
7761
994
6336
4605
8450
7071
9314
4699
1548
4185
5701
6201
2683
4695
6398
6368
262
6832
1860
3569
6800
6094
1986
6684
7332
9721
7819
4616
1826
5379
8233
3760
7914
4928
8239
3624
5628
5270
6287
3078
345
2818
5987
4711
7470
8500
6653
6212
6745
5380
1623
8810
6163
7255
6485
5984
971
3242
3874
9106
6569
415
3870
1681
1564
1459
9499
4334
8057
6997
3734
9829
4173
5111
3100
8118
8699
4245
5076
8206
5194
6431
1016
8853
7706
9844
3823
3176
3766
5083
5980
9796
6596
6135
9900
1520
8612
6378
6962
8308
5232
160
8573
7658
3395
5039
3346
8722
2966
1174
9782
6523
8241
3202
6969
3357
5067
9813
2039
6808
3027
5813
3756
4596
2114
6254
8136
4768
9234
1500
1326
1175
119
6461
9442
6573
7372
8978
2335
9095
6388
5638
2553
9740
3535
5435
3531
628
3846
8252
5421
9699
4796
405
2542
5061
4828
7894
3499
3553
4338
9993
2279
9024
1002
6434
3255
5861
6833
2147
1814
9386
5376
9091
2438
9238
518
7908
4587
8149
1896
5899
3356
3900
3708
3275
776
5436
4872
7008
8651
8962
932
8721
2437
7790
1358
1452
971
1126
3276
5123
3146
670
1970
5820
4936
6425
5997
736
2320
8250
6035
6723
634
6288
8655
3943
1168
8475
8556
4109
7150
7885
4534
5485
1876
8847
5241
2365
4399
4597
2239
1011
6495
2085
8424
9986
3400
3635
1301
153
476
4179
6976
745
1776
7647
4453
1525
9394
9092
8360
6882
3417
4538
3364
2940
7991
8491
8626
4473
2136
4919
414
966
8808
2535
381
6787
276
3756
2796
2585
2309
5678
2276
2913
5406
2913
6118
3524
2229
4862
4960
6487
117
5342
2085
9560
7695
929
5832
1025
8043
741
2663
9803
7300
1890
622
6277
8133
3942
665
1877
9032
9852
6011
2997
1006
3264
9055
3091
9991
1800
5810
7242
3929
4059
9157
5573
6707
1271
1883
1858
4311
6786
8015
4718
7928
6215
4746
4259
4918
5961
1812
1816
100
8130
6159
1777
7418
9709
4815
8949
4053
346
5731
239
971
8060
3296
9478
8744
9347
2357
3325
4919
5176
6567
3851
8073
3854
5030
6022
4013
8844
9903
4589
4034
8158
3746
8488
4676
6477
7771
6105
4696
3125
9415
8277
3711
4566
812
2976
80
1638
2629
4093
630
1204
7804
2200
6072
5154
4552
9198
5276
5271
8328
4829
6641
7248
4723
1811
7228
7613
6928
1190
6309
6275
2255
1186
1730
3303
6439
6325
7402
4865
6865
8717
5369
8595
5306
4555
8642
2165
2576
7111
5544
8061
928
5074
5189
4274
1941
4620
7521
4101
6809
424
1941
1659
8118
6476
9482
5756
8789
8157
4032
3241
3783
8553
6776
1609
6411
9703
782
4237
3560
2815
3672
9226
3427
7400
2546
1781
1949
1628
4119
1160
1032
5972
5629
5131
5623
2304
6531
9303
1490
5158
7425
7930
7058
8992
4864
7234
9942
6144
2841
6371
5498
9248
3711
5189
2518
1232
7277
7484
5328
4550
1320
1321
9829
5194
2513
3587
9795
2915
7184
2455
6909
5602
8003
6908
7991
3631
1543
194
8266
2333
3354
2648
4121
8621
8484
1085
7549
3989
7933
382
5388
7112
2172
6234
5885
2255
9608
7216
2925
460
3513
6323
6230
2301
10000
5596
3122
4716
4352
5359
9212
9446
9292
8341
2518
9225
6131
3817
7223
164
1982
5741
9332
8435
684
548
2568
8501
2849
7107
1813
8914
51
7781
4946
8736
5853
2450
5942
7588
4043
4486
8745
7221
1902
2910
9092
8121
3745
3473
8029
2346
1070
6587
69
3481
5908
7007
258
6467
7404
608
226
4756
7987
4374
9686
7397
9795
6927
8362
8953
7543
2591
7991
223
3201
9642
7933
1227
2828
1447
6557
2147
4950
3443
2087
757
5309
4467
5791
480
994
2291
2643
2561
3350
8061
9112
9947
2264
9159
7117
9664
5003
4622
5094
4225
9607
5093
5848
8852
2009
5969
3583
4910
9209
9293
6212
7167
1876
1180
7961
4540
9938
1654
7694
1120
9195
1592
1196
646
5572
6554
8408
1350
1781
130
8077
3436
7809
7673
3267
81
6306
160
6738
8065
9686
8614
7833
7240
3448
7887
4736
664
1924
8746
1305
177
4365
8909
3175
152
1227
1443
2135
5136
9294
9833
5353
4905
4943
1907
4401
5745
4417
1339
1783
4111
1437
2359
914
9808
8468
3439
1946
9214
2672
7011
2478
6188
1182
949
9019
4075
9477
8324
6450
1163
1598
8572
4854
8455
9177
6168
380
6022
395
1495
9921
7429
7234
8113
6490
9977
2266
9319
2220
4690
7742
7814
1748
9467
787
3913
3808
4405
6394
4347
2894
1952
4280
2586
9432
5806
424
9387
4589
7103
8412
2982
2029
4746
8104
2811
2242
8966
8068
5902
3848
2922
1115
4131
5448
7105
179
1131
6795
746
1344
13
2070
5553
324
3234
3756
2267
510
3495
5850
4039
4241
7290
1143
334
6520
2958
3479
5627
6484
1810
3281
3952
8649
8620
4320
607
7778
7494
2002
3682
6561
6716
2479
2922
568
2542
9452
1186
7310
8308
3204
1203
3108
6010
9564
7212
7598
5581
9626
4752
2624
228
4598
1433
989
5762
4810
480
4874
6900
5280
2131
539
371
8287
2422
7780
3250
1178
7683
7440
3854
8074
7607
7985
4680
8524
7288
3215
7467
7893
7111
6038
6415
6193
4072
8724
7782
5125
4029
8628
3610
6354
174
543
3813
9375
1770
6566
6407
180
5086
7830
1248
1663
8749
3004
5664
6110
3422
2027
8785
8369
1731
9506
2394
6508
5608
6761
3962
7092
6517
9985
6107
3974
8209
2306
9050
6680
5670
893
3142
3432
5256
3372
8601
2104
7372
9113
1502
786
6868
2900
8078
2598
3092
7862
2613
314
2070
2068
7759
4948
1637
3679
7889
819
7071
6959
3182
2135
6378
2117
4846
5034
8890
6729
4784
7773
318
5565
9742
7414
87
3933
5565
2630
85
2510
9623
5594
8151
5735
6908
9695
1691
6028
4865
7490
1973
723
2453
1010
7077
1136
9928
5980
4816
7607
4637
2857
5843
5461
788
7371
7432
4144
8608
926
177
8753
7834
3885
2875
5516
4986
6164
33
1724
3773
6697
7257
1789
9907
6959
5779
5905
43
8160
3357
8446
8300
3754
2824
9321
5537
3134
2108
3186
7932
4249
3887
6008
9636
1651
2911
1560
8722
8282
138
9972
8115
4974
1302
9699
9008
5254
4252
3393
3588
1138
5866
8398
3572
749
6573
1780
5562
2481
9909
532
1587
9861
130
5441
5248
9463
6858
5277
3972
4877
9755
192
5572
404
5971
9416
393
8463
530
5369
812
7197
6862
6555
1017
8609
8888
2231
8096
2251
4720
3427
3148
3871
3181
3633
5702
6397
1011
9154
6475
9675
7335
8849
8555
8208
7145
4944
6055
3673
7226
4119
7363
309
4207
9696
9013
715
6242
275
9635
5569
4891
4156
9146
3298
5640
2047
6599
9766
1968
635
7648
1031
5207
2764
9728
6096
7584
2753
7888
5129
2781
8153
357
6150
6042
4923
5151
6034
2729
9623
2025
8864
5102
360
160
9550
1318
7139
8046
476
798
1414
4417
767
1044
5110
9654
4137
8844
6524
2970
8790
4307
9036
7487
5352
7562
7273
7034
1698
6833
9561
5264
7956
4385
381
7133
5424
101
5140
4190
8203
9750
8538
6591
3461
2504
7497
1219
2154
6047
549
8057
430
7430
1816
2884
9682
8598
1164
9788
5483
2333
9324
5106
3360
824
4451
4560
8364
6351
578
2041
6466
1577
837
6869
906
4086
1814
9866
9853
1934
5279
3760
7473
1736
5260
8476
6075
8741
2326
3543
6834
2723
8032
2276
4211
1717
498
2791
8638
7548
3611
9572
2337
3211
4620
4823
7290
5540
8299
7343
6592
9192
2106
6228
5918
9478
5968
4157
6242
6044
6685
7123
912
4578
468
3667
5966
279
1766
6783
177
400
4157
7902
3558
3562
5069
8760
3309
3215
1426
559
699
9319
5935
6215
1141
3358
2941
4935
9498
871
8230
7154
8522
3425
4560
9095
9463
370
8469
2707
4380
8944
9483
7634
6663
7885
5776
4889
8393
4040
8580
6107
8448
8108
5767
2330
503
7249
9294
908
4804
3541
3047
1243
8078
7478
2387
2027
5911
9751
9417
8285
4252
4875
5816
9546
246
8515
4818
9307
4546
9447
2921
7945
2631
830
555
7753
7518
4318
8796
3691
7182
2864
3038
4162
9285
4437
3181
6197
4677
3206
1301
9710
1746
9777
5298
8552
2550
3262
9380
1103
7396
4348
1626
3714
3019
6491
8583
9292
6287
6876
1456
7488
4224
5427
4501
6888
8997
1550
7554
2972
367
9084
994
8902
2543
7177
6445
1435
4088
1708
7230
7597
7616
9137
372
9422
4177
1879
9637
3958
5488
1588
8917
9862
7463
425
1490
1029
5377
9295
103
5462
6338
7550
4921
3756
873
4086
6399
3756
1421
1896
5759
571
3501
8524
2361
2559
7394
9326
8469
2751
2238
9046
1021
7250
9510
4348
1396
1359
8893
5240
1562
2341
1345
1861
4048
8455
9576
6660
3681
7736
3746
8860
9231
927
4644
2228
3778
8693
6697
7458
594
9570
5827
5747
3292
5687
3199
54
7615
1248
9877
3892
130
1748
6140
7004
6787
2215
4986
3395
2965
1227
4076
7142
6036
4282
3790
1345
1343
7763
9248
271
9216
5857
2874
6597
6875
8095
599
2758
709
2348
1835
8680
2080
1360
1977
1638
5340
7173
8166
9669
3174
5306
4182
9682
3069
420
9406
6153
6824
3530
1879
9145
6155
7160
5086
430
5625
3967
5308
8877
7168
6209
3125
6551
5208
7423
7954
5822
2302
7091
5834
5922
6415
5648
4412
4738
9234
7032
8207
4763
5145
841
8536
2805
4415
3137
7811
8543
4817
439
8239
857
4378
3961
8426
4959
5989
9456
359
8191
6235
7017
9764
8498
4772
9096
765
7502
9661
6851
8174
361
8694
9985
2734
9381
4864
4516
4530
2132
3528
6456
3926
7198
7892
9939
8030
3114
4809
2890
3465
27
9453
946
4673
6164
2939
5580
1030
6070
3894
4256
831
8079
4413
2394
5877
2563
954
6477
8452
6441
6661
5967
566
3941
3050
6601
4314
6012
8594
5756
8409
6965
9817
4375
257
4541
191
7285
2216
1839
9013
2443
1190
8148
1807
5730
1606
5132
7108
5943
2700
7539
4436
6897
6025
1085
5093
7659
4385
8415
1850
8298
1709
8573
5390
12
9143
7911
8923
9435
6748
6115
6563
8881
8916
7328
2172
3171
4567
1935
1390
3720
7550
604
8743
1789
8381
5437
4035
7924
1205
6820
5310
2573
5808
8842
122
4153
8420
8458
4966
6978
8712
6731
5706
9446
9375
8380
8275
9066
5919
2390
5681
8203
1046
5160
5000
803
5483
7686
1217
8717
5776
6746
1598
5461
206
8413
2009
3154
6515
2526
4553
4919
560
273
7897
6632
9289
8785
7233
1729
8807
9971
6180
6729
4404
288
3213
395
5423
5794
1378
4050
7614
1218
9888
5984
6180
3369
6462
9442
5012
7114
9017
3406
8407
7030
8011
4196
3363
1050
5150
2831
1261
2205
6019
9760
47
2827
8661
8965
3476
2880
1806
1401
2811
5365
2030
7274
3863
1388
7569
8883
2294
5645
514
5400
2383
1204
8124
7609
2378
6011
4986
8355
2120
1806
573
2854
5537
1208
2988
2061
1278
3635
6172
7257
1935
8389
5247
3137
7679
8455
5712
7926
8589
7140
8294
4041
2910
3147
2180
7676
6050
2118
4707
5173
8368
6982
6146
368
4177
5851
6514
7760
3967
3378
5205
3034
862
8045
5221
5047
2117
7215
839
3747
8472
9902
6029
8977
2303
1478
8940
6674
2560
215
2157
5139
4526
2948
5181
3653
9255
1145
6804
99
9241
8459
4788
4125
5416
1875
878
171
9094
9791
3922
3364
828
8755
1470
8821
623
5393
8404
4394
3243
5373
9064
5062
5150
2743
1457
142
375
9403
6193
7152
8885
3756
6954
9080
3119
2847
6547
5564
1979
5014
8695
8720
9759
1742
4149
9649
3217
2218
9232
5224
588
3061
7976
9833
3787
6297
7739
9218
8312
396
5950
4470
4651
1801
4678
9191
8749
2683
5149
8106
9363
1222
5477
8034
8918
7876
1031
4514
9972
9370
1816
6824
1407
5258
9326
3510
4110
7680
6267
6862
5053
3010
3100
4800
3806
8137
4732
2370
782
4133
903
4992
4263
8455
9767
7012
9566
6805
8570
2670
9909
8214
6384
5728
4310
954
5129
4117
8588
9689
9913
4551
9578
7033
7238
7412
1786
872
633
3097
2745
2644
5870
9549
5855
4994
2067
2244
2797
1105
8473
409
9806
4119
8830
7418
312
1384
4030
971
944
6152
8949
6418
993
2379
3366
4801
8301
4841
316
9220
3981
1158
8067
8271
362
7114
115
4888
6690
4781
7611
7542
3772
3314
8471
421
7230
7567
1453
1699
8069
6440
5891
7520
3991
1999
1951
3448
4013
8627
1999
2659
3373
9541
8483
909
63
4473
7017
714
3543
6416
3028
9615
8516
5973
5437
2979
9817
5869
2377
4846
4908
2804
4263
4327
3391
3114
8615
1073
9165
5641
7527
6359
5076
2902
6429
210
6391
3105
5377
8957
4014
4362
30
7207
4032
2646
6449
9770
8109
6290
951
1739
4976
7703
7869
3305
6525
6695
7618
5812
8848
8546
3613
3687
9599
1976
1831
717
2968
647
4093
6984
5342
4885
8852
8679
6364
9717
6920
1634
139
4448
6878
5553
8684
3938
3310
1514
766
3785
8984
6008
7466
2927
8209
1476
5103
4209
3050
3955
1045
6292
6253
2106
4401
5801
3235
2058
9524
5605
6038
5429
6590
8311
6647
6498
6736
8906
2557
4325
6582
6958
8545
7374
4419
9676
564
3098
6716
8204
9217
9310
2712
1982
4461
7450
252
2584
4897
7974
8370
3586
6804
8677
977
7193
7750
2916
8819
2513
5618
5670
2020
315
2691
5700
4917
4575
5188
731
3973
6946
8060
9820
4456
5042
4867
5643
4600
8356
3356
5767
5054
7347
7391
4092
7248
4351
4284
6041
331
9259
3346
4013
1328
8240
4823
7362
1952
7355
2850
6881
3654
7413
3557
8268
227
2947
1928
315
4782
6222
1853
6991
9157
5233
2211
9624
7404
1075
1966
1420
4992
815
2388
7472
4682
3023
8615
7614
6606
4751
3909
9202
7698
5671
4539
8902
9810
8034
5801
2707
3595
1172
3186
3704
7033
7281
6815
8812
2348
6051
7976
4973
4176
321
4693
597
6780
9850
8195
5393
4881
963
419
3137
9690
6301
9140
7666
3725
6868
566
5651
4856
715
5044
2827
7797
2314
5274
6554
3607
4063
5969
4247
74
2419
4418
1418
7262
7573
8010
4207
9478
9349
7519
4491
9071
5540
5499
4236
9068
5156
638
5405
4834
8860
5037
3770
6978
5131
871
5494
1183
2712
687
5560
7022
3412
6711
7907
1271
1790
2691
414
4449
7757
8541
9002
3516
8577
6597
8707
6248
3321
8123
1763
8070
8075
8456
534
5030
5552
4911
5683
3180
6148
386
8525
5022
1706
9936
1221
7459
4596
6046
740
9172
8590
4133
3692
7733
2705
6532
2398
3840
8358
52
1941
9096
7756
8011
1140
1628
9033
6164
6816
8691
7895
7226
9469
6692
9566
7579
6988
7057
557
7155
8254
6815
3700
6048
2454
7365
9805
5140
3390
586
1569
260
7853
6062
3163
831
7890
8985
506
4749
2222
7729
2201
6532
8079
4921
156
347
1168
8812
4223
2545
7193
4803
3836
5942
1871
9750
4616
8553
3811
149
2073
4533
3829
4947
9526
5714
6388
3751
6886
8838
244
8317
7511
5094
2082
3349
7132
8960
7681
8071
4957
5954
6988
7405
5678
9916
5658
1237
2206
8568
5001
4727
4522
9174
9504
1866
7576
2793
3349
440
5269
9281
2562
3705
1883
4003
1754
6732
8421
3882
3308
4949
2678
9319
5620
7593
9874
1017
7836
1576
6605
158
1558
7172
8799
8383
9795
5522
3741
7765
5604
4926
6625
671
8147
1921
6683
4887
4481
7722
9769
7332
1227
7995
4191
1027
1700
4180
18
1925
7100
1522
5424
4009
8166
2026
8136
4783
1852
979
9548
2535
1350
8217
7104
8448
6516
5742
2033
5495
5815
6261
686
6777
9053
2668
6035
6171
7741
2801
7176
4097
1996
1743
5200
5338
2763
5979
8651
6225
9915
1060
3141
9776
481
1383
1769
6456
1406
9758
2254
567
1212
9517
7705
2404
5235
4694
8112
6475
9503
7715
58
3254
377
996
7336
7281
7098
2021
798
6291
5448
1092
343
4241
4291
3112
3064
7160
150
8555
7883
2644
6153
5513
4049
4668
3192
5463
1405
3398
9296
5413
1425
7201
3427
5778
2410
2887
9768
6893
1353
1569
1397
9021
3921
5604
9181
8493
5141
2876
1666
4681
5763
4076
521
884
7611
9411
3360
3803
828
9666
5825
6959
3550
1556
7912
4898
2542
9160
4378
5924
1079
5055
3120
7031
1049
8670
7705
4416
1797
7457
4783
3484
5539
4382
2675
5390
2810
1514
6240
2315
1092
5734
2443
4777
5788
4320
251
7824
1996
4597
8975
6265
3817
9983
1265
107
2046
2706
3191
1571
9374
8670
173
2259
4850
3123
6930
927
775
3369
3360
705
5191
4314
9284
6829
2153
9296
1646
3008
7261
6543
5819
1433
169
2781
8769
8417
2393
4557
8350
6310
456
2764
8993
9750
5362
7077
2820
9234
1827
6827
5389
9449
1859
1842
4356
9433
8281
7856
2696
4546
5159
8453
3116
6148
5504
2870
7650
1992
1625
3902
1637
773
2047
8267
4674
2776
2588
3906
8229
4999
2957
482
3112
1895
5113
5270
8380
3049
1719
6596
2189
3371
9180
8835
2633
8865
2046
3250
7659
4156
4297
6090
841
8790
4010
5492
1667
9878
8841
8150
9216
1088
9361
5986
191
4328
8198
6999
5313
1843
4380
4434
3416
3193
5899
8872
4026
2844
1613
4441
5260
4961
7398
3415
9464
3783
2653
959
1362
57
8993
3996
4703
8180
9411
1339
7528
5209
4084
7756
867
9980
7273
9061
1435
6667
7255
329
6356
4385
474
4919
2914
4715
4810
292
4085
6506
2146
2946
5410
2532
7982
2457
9070
6009
3653
3276
4392
6558
7744
5953
4338
1468
2478
189
9566
983
7039
8637
5642
1845
8067
989
8891
2114
8130
4034
7828
6610
3245
6318
6846
2094
8326
6828
4185
8221
3475
5494
4635
613
635
4260
257
3573
2145
9921
7298
1606
1995
5478
4497
1186
5162
8427
4311
1758
448
3868
5057
8730
7620
9468
8790
9582
8379
1599
2990
7427
1937
803
9466
1819
6597
7840
9820
5125
610
9065
7292
9523
2119
6480
7307
3950
3888
4469
4177
5729
2018
971
4414
9005
6942
637
1173
329
2159
5551
6709
27
2949
7501
1849
3995
4710
5372
9545
4430
8308
9158
2423
388
7579
6021
646
5835
9150
4213
9325
3855
1228
6603
1202
3802
5317
6987
7552
4589
1222
3469
2430
1467
2474
6477
2353
1987
5724
5110
5293
5469
6552
8962
2559
9787
4899
7256
1234
9907
7475
2696
7619
926
7426
2094
4019
9203
9504
4117
7418
5486
6509
6192
713
1895
9272
4596
9990
3711
7739
9406
4520
3342
2283
8710
2233
7679
261
8564
2766
8953
6468
3519
7861
7503
8705
5338
9387
1257
5192
4858
3412
1017
3249
3900
8389
5601
1117
1636
5697
3748
8490
6300
7583
6335
7862
6770
3302
6544
1082
5377
315
5470
1575
1776
2273
8971
9193
4138
3633
8577
447
8751
2637
6912
2888
5999
8975
6701
8255
8204
8764
6330
8549
2752
1350
8310
6790
2182
2809
9110
7146
9562
7292
7630
1912
6740
8961
9031
2268
9564
9797
5984
7919
967
6048
3677
156
3182
1063
8787
2203
462
2482
3824
666
7686
2232
1029
3134
663
8004
1344
8123
2431
7213
4456
2933
8118
6934
5304
5103
7888
4610
7372
6326
2741
7529
9419
9346
8647
6124
27
1251
3390
660
6401
2626
4821
8178
4712
6017
3380
2553
606
9240
8978
5400
107
1690
6822
7556
7945
4583
9855
7716
4303
7504
7659
1212
4001
8160
9644
4444
316
3884
731
5602
4762
3612
5779
8631
4848
6099
3364
4574
462
6426
2523
8377
7527
4839
3404
2852
8816
6155
5008
2854
5061
1022
5147
1980
2582
4458
7348
4731
8499
785
1504
8550
5220
8202
1752
763
4008
4861
6126
1224
1874
6080
266
2675
9691
1726
808
5765
333
8318
7266
3185
5734
8522
5403
7711
5015
2916
2156
9776
2633
4253
2696
331
387
2559
6797
9213
8515
351
8044
5186
8780
99
5684
4395
6890
4710
7328
6966
4660
411
338
9081
1340
9632
4247
6057
2154
9543
3003
9670
6389
4906
4675
1488
8994
8580
792
9575
4591
4571
1955
2786
9754
197
5258
7198
4109
4588
8109
6419
9061
4171
515
2655
7235
5213
5268
4872
2398
5307
1026
9006
9513
4055
5501
1879
3343
4956
1103
55
5253
7343
6650
488
3817
2730
4869
8139
6959
4499
9625
1203
2406
3276
8003
7641
7907
1317
654
9120
3870
4921
9474
5641
2666
7000
8793
644
5926
7457
3908
8489
5883
8866
4435
2355
8567
4659
5871
1059
9633
1182
1571
165
119
7836
9960
1358
1143
2686
4004
5617
2805
3738
721
102
1222
9499
8853
8889
3527
6349
1839
7540
8818
1878
8076
6688
4880
9312
1345
6495
2104
431
3084
2563
3289
2291
312
3666
2368
317
9474
8539
9537
3829
3081
2544
1280
5693
209
7053
8822
3294
6295
6971
5260
9507
8990
2795
3767
4350
7738
3037
8083
9024
4752
8560
2427
1381
4435
2856
2201
467
5730
5412
2962
1479
3384
4474
5567
4073
3606
1533
7285
922
7650
2162
7616
632
6320
6509
6239
9372
5663
5715
8462
8995
2491
3584
5468
6797
7397
6927
8178
831
8455
8387
1857
8035
2432
2463
2210
5504
5173
6583
5919
7392
2087
9762
4108
6873
1065
8259
2080
6591
8175
7899
2318
6646
2283
5188
8318
3693
5045
5005
993
8405
2127
2732
7306
2249
2304
2725
4480
9609
8277
8391
664
8657
6153
8248
9142
2000
2428
4847
8201
326
3536
1685
5251
5917
1702
797
3018
7597
3657
2815
30
2730
4042
5172
3830
7738
342
7651
1348
5452
3725
908
599
6271
8110
21
35
5327
8282
613
4752
817
6869
670
3554
8834
6577
8226
4192
6445
9069
3869
5474
8405
8900
758
2324
7078
6840
1526
6460
994
8874
299
2517
4765
4667
6601
403
1944
7863
612
8796
6601
2135
4984
38
9258
5855
9071
8650
6523
7559
6240
7089
6392
1317
6247
4952
1598
9658
6833
3717
2813
5713
5699
1181
5112
5020
44
7017
7893
5980
2938
7221
2044
3509
909
4108
4573
9952
3534
4130
8328
7467
3085
5546
5092
4102
9013
7754
3399
6761
6431
2785
8376
6972
3517
183
771
913
1626
5683
2241
7840
1994
8774
1176
7323
3029
7206
1441
4392
7187
767
2764
6143
2289
5964
3005
9588
1826
1023
5763
6284
4351
8682
9010
4618
6477
7002
7315
8379
3923
7345
6504
7814
7712
8124
3953
3661
8367
175
4703
4325
6775
324
3657
5765
9757
8933
30
5389
2715
9382
2278
5285
8679
7842
7800
9806
3767
1482
7149
693
9998
1290
4826
7753
2525
4974
2651
1784
5519
4008
1569
6557
8095
9482
1998
5277
5117
309
1470
2382
5051
1627
5960
2576
6254
9306
6685
495
7439
1358
5315
8499
565
1799
6535
6111
9489
4764
8899
1036
1373
3300
3320
8718
594
4714
7689
8286
2574
3630
3474
1161
8344
6608
9318
1224
7609
6590
4002
4060
4804
6967
2068
6752
7127
9610
9431
2402
1249
611
6275
3350
5630
5580
1371
6520
5891
5581
8912
2301
5398
8133
6832
2780
4382
7069
5068
8552
6592
5797
6058
7085
5444
6174
3487
8297
274
45
3920
2392
2897
1554
8434
3489
2922
1121
4057
8851
6090
6566
7701
5522
2362
8090
3324
3278
3154
7780
2780
9897
3752
3929
4250
3705
177
1747
2296
6237
927
9683
2458
2792
1285
3096
7932
2691
4457
6728
9640
9836
7748
3950
3827
6065
9647
637
7027
4864
1254
797
3476
1918
5885
1764
1627
4375
5309
7678
2800
2144
7309
4300
3659
6952
8286
9418
654
6907
6174
2906
8338
7869
9185
5592
9158
6224
2080
580
8247
3068
7275
2303
8654
5301
3852
9633
8899
5098
3059
4048
8846
490
7443
6318
1721
6885
3900
6818
3633
5523
1219
1115
7979
670
4720
9277
6718
8333
4514
7620
8580
2090
9887
6044
8363
968
1470
4026
5027
6694
8129
4076
4919
8929
1575
3955
5827
4157
2139
7121
319
570
3705
2599
5967
6436
6989
3010
6777
7224
4203
433
2833
6020
4489
3415
7754
8112
6296
9568
7558
748
8287
9357
4333
8984
4323
6416
9182
7065
1692
9157
4556
1003
7193
1603
7338
6563
5895
534
6362
4735
9106
7726
978
1128
2865
5606
6882
8766
5131
9316
7085
326
3706
8556
1021
775
9144
4110
3949
2799
6257
6190
6349
7746
1370
2487
9116
143
2449
7969
5491
9476
6186
5622
4508
9337
5582
839
7670
6255
5008
2525
196
6532
8658
3687
904
1733
7824
1758
2810
5270
1218
9258
3650
433
671
2896
3997
9115
3018
7050
7792
9185
5576
3081
3226
5491
5951
7169
5462
15
6569
1762
2563
5089
9673
2245
1146
8049
9840
4528
3651
6852
8741
6984
5581
1305
1156
6818
9684
5447
3986
2552
7778
9343
6519
3497
8864
6206
5177
5336
5353
1808
4875
8525
2585
6604
3551
5693
3747
9572
1058
5199
8834
7412
2550
5791
7603
5530
5283
7841
2453
3645
2873
690
892
4609
2573
4791
592
2128
4053
4285
5500
7167
8768
7970
9570
3889
2782
36
5560
3398
1791
4297
3588
904
1712
5628
5043
2628
2671
406
5145
5386
1364
403
1087
9930
9270
5425
8577
5104
495
2604
4781
6521
1020
9811
674
3312
8557
1159
1464
7425
8208
6031
1280
8009
577
3733
9074
2234
8215
269
4342
1360
3180
7141
2895
3825
9898
2739
7166
1897
2702
2564
9262
9290
4840
7041
2536
3005
2600
3473
460
8548
7178
8731
3699
1339
3470
8592
5599
7851
6592
9839
2512
5426
1020
6470
8072
8223
8037
8298
6488
9904
5803
788
489
1893
7313
8176
2489
9657
4742
6931
1776
8898
1868
1894
890
9570
5596
8005
5474
4462
924
1100
8957
6460
8456
5690
8895
3858
5477
3964
1170
5923
7606
9367
4956
4842
2350
8981
1854
3431
5715
4402
598
8695
9122
9082
9795
6528
2518
2053
4682
1321
9320
8799
4770
9087
8048
873
8788
2807
8308
8817
1293
6977
1506
7441
265
5601
7541
234
9647
344
5624
796
8228
3361
3165
4354
9937
317
9026
3153
142
5754
1840
6657
3169
6287
8499
7874
8819
4699
5134
5066
7061
2559
415
3918
7201
4380
8758
2794
1097
2291
8660
7593
7402
929
6100
9068
422
2347
9857
5345
4696
1939
4193
838
8784
2903
382
9123
7089
542
91
5301
2945
230
385
7819
827
250
6948
7048
5936
2058
4940
3472
6371
2601
6805
964
6522
8460
5026
1949
8898
5390
6554
6617
9691
1711
9092
2302
877
313
79
5982
1298
7114
6603
1262
4745
7147
4240
7954
6390
445
5346
4150
7638
530
962
3154
8778
431
1231
9464
762
4521
3838
4504
2741
9904
3481
2614
936
3179
6384
6950
8494
9223
442
7734
1050
9516
6935
4660
8480
7954
5132
3974
5352
7837
5337
4266
8047
5009
7833
2629
14
4155
7874
7888
260
6032
6459
9896
1358
329
3267
8379
2859
2455
4685
4437
917
3117
5591
8611
4980
2767
394
1268
3989
3722
9016
6377
9377
1712
588
2033
6791
4787
4612
6113
1287
4926
7360
2085
5509
8438
4223
6890
6555
4772
1040
5880
5493
7304
4944
1499
1309
9736
8131
3441
7950
7083
6586
7904
8110
2737
9129
2757
537
6061
6623
8662
9312
7507
1436
751
410
7993
3414
9646
3959
3926
8388
2413
2735
1321
1863
3376
7046
8694
5210
9176
932
8843
1862
3322
6225
9653
9436
4109
3231
2223
9993
4079
4624
5503
1701
2009
6196
7222
1704
3478
9309
9744
4728
7403
2708
6262
5757
6492
1397
9585
2662
7391
1255
8566
1361
6897
6718
3925
6049
8281
3589
7710
3601
1971
553
7090
8215
5174
6626
9733
1801
3250
2392
8374
9777
5771
4400
312
138
4943
6575
8265
7463
7999
6250
4727
5609
4440
3329
1167
511
9793
8390
8487
997
8117
3120
6656
3637
2651
4215
133
9496
2525
5982
9486
4892
4516
6121
1130
8513
5696
5470
8890
8084
7934
1898
4414
352
7068
5377
211
7186
7845
2968
4806
5200
4507
9922
5724
563
1800
2165
4612
4246
9822
1418
1051
2714
703
7798
9986
6249
5350
4293
9178
2257
7917
7079
4902
7120
989
4168
9666
9150
6779
5172
671
1465
964
5671
4415
3945
2410
3479
2654
2050
59
4082
1755
6737
156
2498
9523
8421
2524
7100
7920
6239
583
9793
6931
8577
5472
612
878
3111
7050
3667
8880
5200
6464
9727
1587
5461
96
2822
3664
4754
3262
3691
9653
3179
4478
6825
814
4472
1771
5262
1339
4019
2869
8763
2763
6223
5916
8922
4301
7457
4997
5613
9507
1065
7054
3063
6660
8037
173
1903
9140
6307
7249
5257
7027
4352
697
2945
186
1587
8031
3853
6549
3728
4561
3915
7813
6280
588
3894
5732
6662
6358
2719
9745
3899
1902
18
3134
2077
4080
7684
3573
694
3414
4097
3420
7616
7578
9551
7359
2369
8395
2320
1615
3475
1510
2076
374
2347
8474
4268
9346
3219
9548
2144
305
1552
4853
2281
8734
3012
7889
6810
2991
233
5271
7167
5593
7773
1737
4388
3714
7507
7040
173
722
292
3058
16
3623
5636
6804
1669
9311
3187
584
5426
1849
637
723
4699
910
3749
2530
6148
989
3784
3826
6043
2921
2049
7257
8624
1728
5500
304
3050
5260
1178
8289
5712
1322
4722
218
8526
307
7643
8387
1335
8301
6895
1936
3998
1718
903
8561
56
8250
9402
7731
4062
4027
862
9720
4612
5380
3333
5828
337
366
1227
7176
6124
6146
4216
4262
5056
7281
1656
2591
1837
2070
8176
6656
2252
270
397
4712
8591
1960
5504
8597
8134
2236
4419
3203
9723
4147
949
6911
4096
8277
902
6096
3265
3578
255
6877
6207
8315
5811
7501
8157
1666
4930
2291
2611
2474
6285
6367
1605
1737
1134
4951
9130
23
4663
8331
8479
9939
128
6392
3855
2382
5658
7503
1502
529
165
2564
8172
8995
4678
412
795
6804
8437
7557
4080
9125
3005
1853
623
1326
5664
3619
9505
4335
4881
9724
5538
474
6466
3458
5425
2764
3216
9471
4181
9033
4388
6568
7190
2939
4014
3333
8247
9233
8016
4102
2800
7593
3470
4602
5032
1835
2138
6802
8334
417
1300
2862
4128
2831
2020
8697
4781
4844
7399
1067
2904
3679
1135
2857
5596
2405
1710
4802
7301
3246
2996
91
1623
8574
5264
9405
2467
4330
7495
5463
5165
8146
1047
2896
6422
2921
5566
1604
2718
8158
3030
8395
4777
1733
8663
9233
8735
8051
4130
1437
5375
7368
3034
2656
114
8478
6635
2572
3978
5385
7390
7040
8922
6071
24
942
1589
5295
1241
4511
5246
9452
688
1601
9800
5597
2413
4273
6688
7940
6455
2180
592
6187
6845
5021
841
3246
7550
7003
7045
9624
7122
5855
8777
1258
485
5297
4563
1289
1386
1273
1751
4752
7960
1317
5220
6098
5528
3824
7642
1692
6743
7766
8387
813
2703
203
7488
2311
7524
5476
9176
9711
6380
3194
3523
819
714
4934
9749
5045
4488
7200
860
3631
3428
1623
199
8421
2809
2853
8073
3611
5723
3029
3368
6615
1361
8080
2741
813
7472
3654
9303
1926
15
3361
9357
4401
4601
520
6358
3271
3439
2908
2694
2148
5528
1236
8746
2510
401
266
87
6284
5548
4924
8322
9882
1755
1963
6842
7839
848
5000
3076
696
1886
5717
6633
6906
1395
7181
7985
2385
7503
2798
7887
2716
3822
5655
1308
3285
5261
1831
2905
3845
1250
535
6754
3825
2083
1245
1514
5350
6160
8754
2307
2203
4196
4
7706
2708
4087
3509
9841
5871
6269
6059
4373
3874
6948
7064
2865
4463
6091
1899
7225
391
6652
1000
3282
9998
2559
6776
7388
875
9593
1133
4676
3329
7942
2415
3743
4750
2912
6548
3665
2525
1925
6915
6110
3972
1229
5002
5739
6451
8701
3325
4045
4431
5502
9878
7027
5998
4741
1276
7992
2786
8360
321
8258
1387
2539
8
4928
6387
2705
8316
7671
7065
917
635
9080
4586
7152
8115
3832
4415
7914
6758
6336
9813
7197
12
9816
835
7122
1705
9512
1070
7859
8235
9545
6848
5861
3374
2100
96
5099
171
8803
2382
8290
3493
8506
6780
2326
9594
2168
5087
5105
5798
2550
1883
5338
9580
964
4130
8506
1338
6125
7704
7530
380
5315
3828
6679
8248
6320
2260
8344
7876
3068
6101
3020
9552
462
6858
7312
8745
7065
4108
5258
2284
7115
6496
5539
1560
2194
2850
1820
9646
8410
8288
9430
1483
8416
5738
6483
3752
780
9391
2235
2017
7824
9612
6243
1500
9370
6464
3658
3365
7508
4368
6555
2278
8840
2537
8342
6888
6790
9546
9821
2930
4667
8200
7875
2660
2227
824
967
9493
4710
4198
3209
8918
3768
3976
7853
7171
7032
1339
4788
8712
7381
5693
728
8817
4712
7868
1607
207
2270
5456
9085
7260
266
344
4427
5537
2992
1221
9463
6827
4865
6110
6599
8236
1147
3642
6593
2922
6767
5450
4991
5680
6994
6712
163
9355
7736
6511
2973
2109
5838
8041
5732
7331
5499
8821
9518
9609
6820
1981
1110
1802
7146
9184
8760
651
2968
5426
8226
7099
3825
9859
6230
8798
3910
1134
4955
8395
3685
6607
7963
4884
1707
1464
891
9359
845
2975
3595
2858
5438
8418
110
7337
6016
6006
8694
4782
2584
8116
6002
2060
3274
8567
8446
7551
1263
8344
6886
2847
8476
5426
1068
2959
8707
5027
930
7100
2500
5917
2840
2101
4540
793
441
7236
7283
4721
521
6341
7497
6882
6612
1853
6392
8697
2175
228
2510
9341
6259
3151
4132
3283
826
1103
7606
4750
2825
7277
1395
9462
7568
3308
844
9026
8543
4580
