11
251
1786
9099
8425
6475
9682
9477
6535
2455
6035
8196
5079
9849
7113
7933
9499
648
4122
341
5673
3649
395
7289
1112
7396
120
2559
3709
4615
6615
899
1289
5777
8452
544
1591
7645
9548
8537
3466
6637
1200
9276
1980
8108
8318
6539
8695
1365
9053
6538
5218
2513
7535
8452
9836
7561
1896
934
5241
5759
1341
9531
2598
1262
565
2466
6006
5134
1293
3314
8138
7839
849
4922
3135
7352
6079
6863
6377
2785
6597
5370
9032
2039
7478
6402
6817
474
6388
1057
7401
7610
7126
7371
3746
8514
308
4332
7610
4197
4812
8214
8213
5221
6743
8629
9819
7761
9504
1842
9074
1264
6580
3574
3807
7165
6461
9368
9234
2466
6575
6063
4958
1699
2471
9320
3668
6746
3236
5014
6754
7745
9689
5963
3445
5533
5695
9696
349
1516
7609
8520
8884
4296
7859
8300
5018
1337
4249
6025
8110
4258
8839
1825
8046
3304
7202
344
2899
1114
5109
2409
2841
6654
7782
688
7119
2142
8658
6853
321
9181
4284
5158
2300
2037
7264
1040
174
9657
3629
620
3198
6722
985
5832
8552
7319
5433
6896
8203
4565
3887
3980
9989
5019
9941
3133
391
5567
6727
3845
5750
227
943
2288
2032
555
4014
2771
8604
969
9863
7289
332
6577
280
5912
3891
9908
6158
4710
7308
1482
3368
8431
4621
2375
1086
3354
9343
3895
4072
3896
8833
3725
6737
7247
6607
7855
1730
133
4342
980
179
7047
3249
6006
5957
9452
385
938
2209
8804
4180
5746
2907
5278
9219
1283
7928
6165
7190
6406
3229
2268
9803
3330
8772
1276
3178
2803
3787
5449
5097
3964
7704
7637
9882
90
1828
9734
7528
1636
509
4842
4412
9196
3044
3259
7407
2899
8585
5373
1030
6410
2724
3370
7254
3355
6624
2065
6250
1142
1631
239
6965
523
7416
2139
6094
9986
6836
4422
1883
4703
7642
3097
1424
4451
945
3820
8680
792
7317
2845
6339
3651
8944
7387
6463
6630
7492
5500
2849
1686
4345
9878
974
4284
3576
9853
814
3725
6825
5645
4822
1896
4362
202
2968
7223
696
3922
866
638
49
5017
5072
5597
4935
7744
8565
9884
7563
3759
7402
4780
2655
4046
6134
2943
1708
6452
6297
5686
4817
9312
6891
549
8890
5923
477
1914
7688
6070
9507
5306
435
3179
7793
9744
5778
1767
1305
1869
7322
5078
6314
177
5908
5197
323
2529
672
2862
6694
6735
2467
7594
7546
591
5588
9183
6746
5809
283
4526
2534
8120
8045
2408
3509
4538
2077
9521
8838
4697
2540
9922
9605
8891
3793
7374
9551
6393
2365
4536
7068
6819
3010
9489
4388
8529
8813
2972
9544
8123
8283
6296
9221
891
3584
5278
8822
1921
235
8308
6253
949
5733
1354
927
8893
5053
4058
3319
5092
5700
2288
9840
8794
1460
1406
446
5911
1478
5876
2127
3029
5923
9263
2214
5187
4368
8380
947
1891
2267
9469
2001
6719
2248
3887
5705
2778
19
87
2591
4757
4329
21
9702
2055
3843
6246
5125
9788
2964
7104
8105
9903
1472
5585
3113
2092
4626
6756
6535
301
4899
9640
2769
3918
6172
869
449
7485
1299
6696
8343
9907
8471
3291
9966
3583
4153
3484
8900
7825
7488
9530
8370
4400
4606
3540
9325
2952
9206
3042
6953
6269
3913
8685
3725
2866
9489
4343
3600
4807
4162
1501
7722
2158
9263
275
4602
1151
5595
7360
4096
9455
9949
3620
6872
1255
2923
7791
2181
8911
8569
5060
1326
3561
8155
3713
3053
2950
1385
4713
157
2336
7007
5215
5636
1909
620
6215
7941
5384
6123
3550
9367
9538
3246
519
1710
9806
6026
4847
4671
4223
8825
358
6775
7462
8428
1849
2205
4819
1663
9264
4775
8532
9953
349
4203
5765
3628
5580
7534
6556
577
1324
3954
4895
6792
1262
8729
3925
7891
1584
4339
3899
6676
2158
6947
1092
910
7901
2281
258
6817
9362
7857
2651
9890
4023
5311
7700
3117
7905
9733
4418
5354
3007
5321
2855
4534
3389
8986
4644
3411
2111
8669
7569
1492
8649
8372
2969
1340
3778
1958
485
521
8007
3080
5070
2183
9381
5884
7495
1122
3984
1938
2752
7988
7933
6449
7939
9617
9938
6942
819
828
7742
1390
7220
6559
4681
1849
244
2927
3802
1241
1426
9027
3400
3200
8966
7778
9669
6802
717
6246
9026
6131
1237
1676
262
8757
1108
2049
984
8845
7340
9357
8365
7230
7770
9909
9407
4471
8230
745
8611
7056
2286
9931
1772
321
595
2519
7893
6295
5296
3807
3160
428
3855
5367
5029
7937
2037
289
5149
3608
1941
6335
7042
4319
3768
8160
9717
852
5149
3560
6990
2689
5689
3066
6515
2453
6529
8584
8547
4146
138
1224
9137
2152
4175
8299
5793
7918
8378
2458
8366
8902
424
1411
1633
8077
9358
124
9114
9802
2047
3851
1505
9305
2433
6698
3850
8338
704
9555
6114
1899
9568
4821
4089
3353
3375
4036
6264
3304
7361
1647
8858
83
4270
1067
5891
4446
6445
6559
5443
646
7951
5374
1997
6145
5343
2601
5426
9299
1184
5188
9191
6744
5398
3663
9669
9914
2006
7652
1012
9319
6718
8750
1685
913
2067
2767
7840
9812
4579
158
4005
8351
6835
7571
9437
7841
1889
6499
4621
2422
1476
5830
7873
6694
4102
7577
9438
6086
9189
6712
2061
322
9723
6006
5811
8295
5485
395
8989
3929
990
588
1262
925
2678
3
326
761
9748
7608
5487
1148
6236
3974
8142
8837
2934
3927
317
4635
6749
9155
1375
1976
6968
7548
2455
371
9216
9515
504
6210
916
5258
2296
3265
529
1285
139
6087
4445
5487
2153
8004
8637
4917
4753
1672
9198
8016
8739
5450
108
6201
9599
9079
1757
8388
9484
8282
7129
3205
734
7605
7436
7272
9072
3715
1735
1181
6322
2377
4729
8489
1647
6773
4975
4553
2208
1253
4583
5183
7476
4249
3104
4485
1143
5801
6544
7901
6034
9914
2738
7885
7652
6556
5299
447
525
4810
68
1981
5959
9685
6647
5598
2957
5978
6178
8064
7859
3562
7589
9467
1298
5997
5055
1418
1018
1755
9290
6599
6349
2572
812
1226
7191
568
1989
1005
8463
2208
9842
891
7517
6638
9700
9102
8712
6179
1507
7965
9742
4159
8130
7174
4116
6825
4118
5350
9091
5362
4803
126
6892
4035
3909
7932
6640
5735
7035
9363
1171
7718
3065
3953
8488
2437
9048
4023
8409
5788
1098
3702
4028
7217
5903
1024
440
7630
9565
1075
1923
3233
3288
8260
3479
1724
7083
1865
5872
4970
6731
5767
4049
737
5484
6021
3188
3803
8552
2431
3994
9804
8703
5356
7602
4359
5435
2448
1315
9191
8903
7315
5951
891
6838
8890
1000
8909
3678
2200
2219
3849
4756
7692
8425
7518
6934
2744
2940
4513
9808
6878
9570
2429
3512
5063
9097
8115
5346
6090
1037
5363
6703
5889
1004
3632
8190
4601
2515
7325
7480
6605
5364
3574
3513
9675
6411
7908
5291
1152
653
587
3811
4404
2580
5713
3486
6363
5810
2739
4016
4090
1056
3328
1326
4211
3220
4485
7377
5533
7455
7374
2914
2313
5405
2975
6739
9900
9490
584
5702
3031
5602
7447
9046
2678
2190
8383
270
3901
1017
3563
6491
3160
5359
219
6807
839
5629
3202
2050
8419
16
6798
2003
4988
6424
3652
7644
2052
9786
9232
6312
1226
2524
4277
2495
8721
9298
3182
9064
2675
7108
7982
8592
2044
6736
3774
4740
5202
3428
173
1891
66
6122
7002
4060
9428
3056
1150
8186
1941
1891
8866
4179
4343
1109
5799
7419
1359
3035
4112
4608
8636
9600
4067
7491
9843
7891
7192
5806
4326
6703
9305
8
9807
331
8091
361
8061
7962
7423
3732
5678
4668
9005
3051
1513
683
3899
9602
4044
2443
277
6460
7467
5019
7887
1613
2714
8298
8638
3310
6301
5782
4004
9707
1503
9763
777
3732
7537
3491
3879
1311
9107
4693
2582
4185
8335
4000
3933
5123
906
6846
5876
7698
9380
7448
2776
7714
7837
4886
615
9330
2436
2929
8012
5620
8032
5150
3197
2298
1974
9868
8961
1016
7059
8559
4251
660
1921
4020
6584
7995
7271
2252
4474
4478
9082
4858
7581
7223
6970
9387
2159
9370
8645
3408
2714
3258
377
2977
8863
4369
1915
760
5400
3098
4982
9181
1372
8280
5885
1844
8980
1570
7427
1368
1752
9329
5396
8921
6044
8326
5737
1546
7710
9477
4111
1528
3136
5090
3164
3148
8536
9818
2162
7291
7664
3978
2610
4573
328
2516
9778
2417
4866
5400
1884
2004
3908
5671
1577
2673
1428
1495
4606
6987
971
4054
9959
9543
9867
1730
2127
1751
1158
4570
3544
7698
4725
5074
9392
8466
495
5547
8010
4518
424
834
1182
8682
2887
7215
489
9557
7415
6499
6524
9001
4531
409
6614
8048
3700
6136
6868
1074
495
5880
5993
5472
2030
6539
513
7176
3077
1973
2126
4422
3333
5439
1850
5568
4749
1246
3294
797
5795
3388
2378
3778
1316
204
8474
7449
5899
8681
1673
4121
9179
3857
4094
2124
3061
1126
9700
2555
9606
1516
4557
3056
4188
2579
9096
2241
887
7451
2828
7335
9
1531
920
4156
7232
7164
2081
5040
3421
2710
2771
6348
116
3841
7125
6839
6742
2784
5385
9222
6604
1280
4927
9051
9725
7030
3977
246
5720
1256
603
8558
5514
395
3164
294
7267
6104
6168
7718
708
2627
5988
9254
3239
9583
8691
3016
3912
8212
8391
4825
5339
2315
4645
5177
8091
8931
9174
3402
5549
8113
7504
6828
8029
4600
24
5039
7117
67
7957
9546
3268
6959
1026
4363
999
4970
8722
2513
7920
404
6284
8505
1850
2050
7049
6623
7464
2632
8341
1419
1570
6544
6659
6133
4363
1218
5886
2370
3176
4092
7060
5602
7447
3421
9633
2608
5976
4525
4151
8776
2022
8487
9628
5347
1162
3629
6388
882
4746
1904
216
6696
1397
3729
7675
5309
1939
34
1093
7355
8595
4705
8031
2119
5705
7285
3369
8699
2030
7501
5816
2748
19
1860
9902
9508
9955
4471
1637
7680
3793
2924
6115
8142
3641
6797
762
257
4911
7774
3577
4521
3219
2815
3765
6968
9710
5463
7237
2507
8010
6903
6882
7868
3166
7550
514
5927
8559
1594
6352
8006
5576
2382
3044
5421
3333
6601
6037
6845
5426
5228
7192
8435
8335
2789
6077
1892
3856
2345
7712
2257
2085
3801
3386
5678
3839
8740
284
9080
2578
6144
5868
1597
5436
1588
9085
7799
5202
4902
5852
7108
4830
734
7971
3328
3843
6142
9369
8946
7604
3071
6905
7277
1010
7592
655
3399
5000
4410
7872
9864
4174
4486
3167
6774
8665
4501
4981
3774
8429
825
9496
7397
2773
775
6461
6016
8510
341
2779
1863
8369
2051
2719
4073
6310
324
2251
3630
5169
1140
1721
9746
1976
5989
9945
6793
6583
9223
3697
7703
3466
8805
5899
4136
1363
5193
8993
2383
4717
4322
480
2644
7716
2906
7085
653
7308
7028
7779
7954
5400
2275
3657
5251
6673
7019
5748
9595
8910
9260
9404
6923
382
3426
6290
9616
840
1145
6063
4811
3860
2613
4877
4532
3510
4890
8364
6631
3222
824
3112
932
9682
162
8851
6718
4833
1840
6432
1057
5554
9299
4403
6905
8426
2482
9577
9256
947
8587
4611
787
4474
632
826
6121
9464
6543
3043
2600
7364
1778
3253
4573
8731
424
6227
8204
2650
5887
3833
4070
1379
3930
3566
263
3184
1517
2537
230
2188
9845
1192
7364
4032
7117
3021
6361
3218
8817
2497
7341
5621
5639
9542
5002
5061
9048
8759
3691
3828
8528
7074
7711
7722
742
1695
8888
3720
7690
6134
2061
9221
2869
3768
3047
4240
7024
8248
9335
3491
9098
6865
5369
994
8195
727
5282
640
8435
5184
6850
9222
8482
8004
2718
4829
8333
5135
4555
8763
3097
4543
4978
631
6509
183
9336
300
6422
7194
3319
883
2879
9272
7903
2387
8762
5800
212
281
8121
3557
5962
8594
7070
4720
257
2568
4007
9576
4332
1707
3349
7189
9248
7454
8862
953
90
9145
6865
5481
4118
3246
6513
7261
2981
6806
2605
1499
7416
7260
33
5526
8559
1412
2429
5837
9591
1083
9104
1963
3413
9202
1806
6658
4105
5643
6813
9940
9394
7628
3576
3130
3789
1235
6736
5581
8481
4302
3581
1392
4101
2066
2839
7170
88
8763
7398
2015
9327
8288
45
6160
4946
1062
1153
7736
5555
3978
3729
2753
891
4831
8946
1938
4979
8993
5279
8982
6498
510
9270
8440
9017
5343
8332
3098
8450
9997
3869
8544
1394
3579
6936
9170
7069
111
2710
1400
9551
8927
9489
7950
9361
153
8611
5578
5011
3282
6159
6005
5147
8183
4775
1081
1148
3433
7155
2147
6750
8727
4201
6787
3237
1707
6634
218
1066
1848
3513
7176
1726
6050
2368
6492
7212
7461
7431
286
7669
2966
2659
604
3312
6099
479
5108
9284
5204
6474
3566
7094
5123
7383
2251
9693
9201
9227
5692
253
5438
6324
4753
1315
4322
5669
3625
5952
6120
8074
2782
5134
3897
6666
2285
7989
954
7111
4204
8517
9149
1546
2407
8877
2732
2221
9554
5731
2878
6935
3892
571
4558
9942
2821
7146
6905
9114
925
2342
4903
3499
542
497
4242
8257
4870
2698
1420
7949
3108
6096
7363
623
4681
5896
8954
1884
5360
4194
7956
6210
5179
5945
8967
2268
2508
2871
9482
8107
3794
1717
3774
2964
4943
2321
1987
191
6558
8988
4619
2520
7295
9566
5015
1397
6946
128
6838
222
8498
6377
3747
585
8994
7894
5229
9296
4961
3644
1466
4929
7002
8375
5257
459
4817
8825
664
4559
105
5665
1855
9827
5771
5462
4735
8966
1846
4683
4311
3376
7827
4993
1354
6236
2467
2728
8794
9565
4906
6220
3983
1698
206
181
6332
4250
91
4526
7793
5557
7545
883
6597
609
7568
390
7424
2469
6384
8148
187
2631
5806
656
9037
2987
7604
203
4250
7511
9029
5165
9286
9240
2929
1593
1175
8598
6385
2716
1197
1816
6488
8542
5227
5132
4893
2909
4620
6963
6109
49
7572
4754
4133
4249
4684
8893
4211
5888
28
8836
3135
6333
3198
2313
9389
5214
3228
8502
75
5504
3104
5411
9569
7824
4739
1862
591
411
4893
7856
9629
2085
5358
6185
4858
7555
8765
4983
9021
2678
4019
8178
2021
1787
678
5204
2092
2288
7797
143
6017
1295
6115
9128
2982
26
3244
9372
952
5105
6757
3925
4534
6860
355
813
6951
1891
3803
3302
4883
4826
5107
4629
1533
1499
7843
3043
4052
830
1644
2227
8005
2353
3630
5225
7151
1442
4406
8131
2163
765
2235
7332
7239
8656
9325
1852
7138
1147
8683
7579
2277
8124
1692
1578
8164
7991
1131
3508
4462
3991
2456
7791
3315
8507
3294
6350
9537
6714
7421
7054
3464
3078
3389
8936
3237
8514
6578
6234
2911
5383
728
4612
9479
9105
5929
4736
3644
8245
1708
9419
8784
1554
4339
9849
6002
3193
5829
4798
9474
9403
5647
1418
2903
9501
4968
770
3028
896
4020
6119
2158
3340
5210
5045
7849
8202
9386
7112
2650
2821
7955
4950
8929
9223
8339
2112
3925
3577
8223
7043
8172
6955
4006
8335
735
220
4893
7263
8997
3816
1073
9833
239
6917
2407
9986
879
3512
5776
1111
9092
513
5262
8734
4914
4973
3530
7700
1637
9926
5955
7535
9121
2508
4296
6681
1230
1346
9134
9740
5161
958
7173
2385
5430
303
8850
3628
9124
9110
5808
2133
4023
1389
2405
1737
5748
1686
3407
8035
6445
8202
3620
6774
4977
7270
4205
8722
6906
3112
3628
6074
3390
2376
4441
8154
5367
399
5597
4798
2655
6648
7941
1829
2775
3726
9707
9058
3427
2107
1933
1054
9327
8928
7120
668
1408
1413
1129
8460
3343
5984
6501
97
2737
3996
6128
6367
8348
8347
4830
2274
3093
9962
3826
902
2793
4526
9313
4152
4110
2148
7556
8863
364
6574
6032
6448
2230
9880
287
7227
1593
9646
7669
9970
847
8656
2374
4983
2943
7634
5585
1419
24
2675
3345
9879
689
9131
3816
5206
6144
8853
5905
9895
5998
6432
6036
6321
1087
4286
352
7727
4394
2491
4493
5919
8130
6199
7823
9449
2050
1169
4671
4734
2449
7638
2153
9379
3291
3569
5545
3579
148
671
9422
2037
41
8651
4082
6827
1081
2111
541
8361
2463
9524
3141
3308
3160
709
1678
2305
6103
3319
7126
6077
4975
3185
7097
6902
9092
7480
2404
9316
3488
770
529
7139
2645
996
9905
3522
3358
4820
104
6457
6316
6376
1849
3204
1646
7518
9887
3795
5116
2859
3691
6638
2758
5771
7466
2810
8419
184
4211
8380
3933
3462
7212
1084
4696
2801
154
6922
1943
5362
4304
849
9860
7522
8096
9914
6517
3266
9
3999
6871
7785
8836
9742
3142
3048
9891
9665
6419
5912
6173
5699
3289
1521
3544
7045
4493
5977
1439
4101
3954
1272
4129
4321
6537
5501
9422
7345
8063
8977
3410
3891
9598
567
8352
7761
1546
8448
8429
8957
7722
3724
9798
6181
7789
472
7291
1952
8902
1332
7160
3331
2449
7829
7912
2463
5083
508
1425
3748
2434
9902
8479
4080
957
325
4149
7300
1243
4945
926
4166
5522
8498
1088
5195
1953
2793
1487
8455
7605
8177
1606
204
1094
5839
9292
5018
1715
6352
2158
6920
4165
7724
5207
2254
9437
2823
1425
6017
9576
1191
1115
6902
4292
2640
5505
7318
8817
3044
1758
8407
8630
2502
9025
2891
7324
1391
3209
5069
5640
8681
8738
4778
9246
4587
5826
5372
369
4001
9241
3496
8737
1548
123
8096
4937
6840
1184
8292
519
4526
5093
4173
1765
3275
844
5085
3109
1962
5471
6136
6498
421
396
6607
188
5704
3015
7127
5101
6378
5716
9204
3307
2488
1766
6401
9915
7062
5429
9849
6017
3953
1246
6224
610
6148
3324
1989
7152
1984
3863
2240
6448
5203
68
3570
3800
6239
3353
7903
4112
9615
8029
8944
1679
7973
8071
8628
3908
9666
1161
2700
5671
9443
5198
2832
114
597
2146
5261
3523
3735
6137
548
2003
1709
8167
662
6387
2414
9797
3425
1612
2897
5975
1522
9085
6775
3060
2499
3336
4989
9500
9533
4453
2967
298
5292
9775
8141
2256
3886
4044
2354
9415
3727
1091
1793
6286
7579
9752
9202
7653
8863
5058
1826
5440
3439
70
1689
1115
529
3772
546
5346
3980
9831
9775
5479
9212
8397
5539
3416
2160
2002
9084
398
3196
8621
4594
7873
3968
4943
2481
960
7175
889
1800
5403
3403
1940
6147
1371
5836
5369
5309
6968
2297
2413
8818
2494
3648
5000
9011
3076
3708
7361
2440
9862
7032
6528
2572
2774
1504
9867
6932
7201
5016
3351
3495
7249
7404
7262
4149
7074
3313
3558
9375
2544
7731
1695
796
3465
2104
9738
4431
8744
3488
9279
1204
5764
9775
2343
1112
3191
9140
8450
6832
8864
3548
77
1842
922
7223
8820
4040
9990
1918
6546
2070
2315
3996
3798
4781
8395
6122
7714
8981
1408
9255
5062
665
2870
5262
8647
8272
5264
8269
1187
7181
5819
7789
9540
4775
9637
1036
4612
5323
2265
3478
6105
5701
413
8095
7906
3888
4035
3614
6775
2189
6520
4566
5535
5706
916
2188
2610
3965
9934
4685
589
6440
3545
5708
8313
1239
6239
7533
2575
9177
1433
6918
606
3524
5937
2873
7560
7368
8943
2715
6678
9554
9601
4952
9638
7083
6480
7068
5883
7330
8733
5091
9196
6631
2397
8875
6378
6805
3661
7652
5329
7607
6513
901
1159
1397
654
9059
8010
6195
335
1247
7730
9372
6802
9807
2913
156
1879
4213
559
2058
1934
4412
8540
8384
3884
8538
3294
7228
1741
6829
5914
748
8046
261
9300
6485
6138
3347
2874
4759
1933
1113
3379
7850
4967
3170
6466
4523
1694
9427
8814
7209
3601
8294
7895
7095
8223
7192
2786
3016
9388
7797
1133
1353
6000
8931
3759
5051
4589
8418
2557
7523
9727
5455
5586
4060
7720
9757
4926
4621
3615
5301
1759
9135
7390
701
4798
6266
4087
6701
2244
8757
5488
5737
172
6986
3223
7812
4232
6105
3066
184
9183
8418
3613
9152
1525
695
157
3181
8697
8418
3378
8557
3039
506
7442
8091
2495
2384
3472
885
7159
4098
6946
5151
1197
4112
6216
7797
5793
9355
3210
5832
1301
8856
3262
130
2713
7269
3313
454
2086
3392
4703
857
3862
7106
3448
1691
3515
9093
9358
5539
3869
7414
2606
3524
2137
8614
5769
6801
6118
2958
2575
7120
9801
2001
6492
1925
2854
879
1942
6334
6778
9541
5881
3557
8801
5091
989
2315
7496
2795
3583
5746
5658
6989
3393
9968
7301
9772
8629
9390
3462
4797
6708
7578
8602
8369
9636
7255
3512
6251
3578
3914
6419
6496
1263
3550
8344
9005
310
81
144
9433
4354
3871
6901
4114
8403
6665
96
4998
9685
18
5758
201
7093
3529
4814
1077
7773
3682
9846
932
8188
7897
1245
7633
3025
7184
6291
8214
5301
889
4125
3555
8507
9537
5523
1009
3263
3766
1174
5022
6411
9111
5371
1596
196
8830
5621
6464
4495
7593
8801
3699
1332
1513
6614
7606
8789
7440
2248
5200
7032
1907
3362
6304
2533
4080
7330
5520
719
6426
7210
8591
5052
8663
4271
5454
7560
4737
2234
5999
1300
2534
4571
7838
567
2034
749
8297
6547
2155
5006
4600
5494
5968
8895
8245
2149
8040
3203
1265
5415
4552
8443
4035
9618
5768
6706
8176
7079
9378
8770
1210
6648
3261
1092
1896
8111
2037
6951
9202
1192
940
7446
4326
4750
811
7770
5181
1649
4172
5519
8960
9841
8770
642
5502
8129
316
1099
8355
9504
442
851
3793
4984
5736
1879
1455
4302
6300
3232
8009
6627
4354
9679
6956
4488
8240
7605
3447
6205
7421
7780
8170
276
5200
2644
955
6773
1172
6257
3435
9539
6504
1041
9352
8186
5284
8925
8284
9624
2727
7120
5678
5059
3937
3297
5788
4331
8724
916
8121
317
9861
7354
9860
3918
9094
8284
8001
4011
1742
9457
9085
2212
4817
3345
3335
9048
6079
8416
1324
2768
9022
4963
9249
3600
695
7031
6378
1578
1687
8233
1631
1115
6665
3617
4344
5730
1740
8419
4890
6075
9956
5267
2841
152
4419
1935
4453
3406
4784
1332
199
6723
3885
7867
9170
4892
9816
8506
4481
2591
8595
6228
155
3481
2715
1151
8701
9853
4339
4155
3459
8510
5472
4659
3779
4547
5872
5054
7541
8475
1398
5529
8528
6805
7590
2943
166
609
1716
2269
1476
2873
1629
1848
9815
7120
8817
5843
6649
2834
9442
1182
5770
6830
1082
8486
5870
2712
9689
476
7445
5508
9605
4260
5004
9227
2297
8449
6251
1040
5773
4643
5411
5388
1606
4562
5418
4799
4499
6204
4152
1719
9375
9838
7142
8443
7408
6552
4150
4508
9211
2327
4100
4477
9894
6452
6365
7679
6797
6383
7610
4858
8834
4323
8644
3887
6727
7423
4201
7515
288
2674
7081
8274
9538
6538
4679
8690
5937
2141
5329
9346
5340
2893
6245
3999
6690
9890
2112
9654
8521
507
919
3208
8231
203
1432
4475
2465
1087
8149
9641
8874
9866
8055
5487
8278
9300
5392
8066
1781
6908
6785
4539
6126
6285
9352
5353
7256
4442
9056
8142
2938
8227
9686
5486
2168
7281
3586
8707
3154
5240
1267
5837
6689
3776
6235
5694
1432
6845
8446
3294
7182
6483
2166
160
9098
4094
5207
9047
9724
3473
4269
5419
1501
5068
9839
8211
9279
9779
1623
3099
6644
1771
9064
1405
1818
8065
9855
7695
8161
29
896
9006
3308
1229
1662
847
1898
8806
4980
8124
6829
7690
6518
5660
6422
3116
8622
7040
9602
4570
8653
3486
6966
6870
2223
4588
8442
9530
8261
705
5634
9909
4824
7308
5662
8721
5788
116
2665
3496
1325
667
6294
1721
250
7052
9445
1953
7075
4942
8077
6829
9765
9286
160
1233
2276
8245
17
3032
6723
920
5867
6521
9903
2089
8792
7721
7697
2472
5558
2673
6487
5617
3099
2983
8217
9286
1274
8806
9727
9281
9421
8594
919
5519
5413
808
7542
5652
3710
451
7767
9695
1637
2989
7787
6236
4063
1463
4842
86
6588
9600
4965
4321
1218
2577
1272
2360
2796
6107
2127
8150
4131
8192
2707
8972
1460
9191
3439
3795
2475
4511
2854
6238
6108
6926
4242
1934
3703
1511
2302
4316
5713
8900
7388
9755
5790
380
5387
4301
6615
605
9443
1665
567
8767
4520
9040
7318
9645
9646
5633
8845
2188
4253
4395
7551
7123
6889
6514
4777
2463
9967
43
2333
3695
6024
4706
9993
6113
3304
7454
6487
8164
1875
7733
5378
836
5251
6992
4711
9340
1333
6379
2204
1232
7621
4680
4193
5594
1809
470
5704
1334
7942
7104
950
1484
6808
2364
9326
9524
5401
2127
2477
7729
5812
1837
9402
8636
196
9410
5515
5280
924
2629
9111
6386
4584
2603
1450
768
4070
6067
806
9838
5022
7247
867
8566
4110
7997
5419
5028
9608
8337
3473
7152
3674
6331
6680
8539
3669
9774
6668
8328
1489
6725
4283
627
7852
2606
6937
4333
1420
8401
7471
2871
4120
292
9878
1774
6959
7039
3934
9692
4049
6461
3567
4673
1050
7981
9902
7987
4424
6119
3974
7190
7971
4031
983
9080
1544
7998
2850
667
8524
6089
8489
4852
594
490
231
5430
2158
745
708
7428
6506
8642
3685
5288
105
9523
1958
9874
8035
495
8031
3282
9692
2593
648
8586
6127
8184
9345
4164
7588
5402
3406
7888
864
9977
2857
7029
7212
4440
5803
3284
5079
7094
404
1124
9446
2614
1476
3185
9484
41
3606
5834
5440
4495
7781
4081
2540
9246
3253
3582
4456
8291
5641
9781
1390
9828
1978
7948
4780
869
9452
4549
652
7641
2293
1730
1954
9399
7038
2832
76
2084
7859
9942
2725
4828
6825
6244
2251
6120
4294
6332
2692
2396
8912
1396
8302
4384
3976
4203
9555
4172
5429
2157
1658
6194
2286
9848
5266
9964
8148
2778
6756
1282
5601
5696
615
3483
3818
7106
6156
6867
7616
6852
8783
831
7616
645
4745
6712
4938
7577
1195
1979
3620
5018
3004
6792
5163
9141
1585
1552
9025
2750
7408
9339
1730
391
3587
3017
1108
9953
7561
3557
7271
4845
80
1554
9271
6160
8544
8918
4472
8126
4702
2552
6015
3073
7033
2444
9533
3152
3683
2567
1750
1366
5503
6623
1927
6576
9665
7816
6200
2669
2178
2870
4246
728
8651
9827
4110
7393
5582
5057
1226
9264
2447
5705
847
5338
3204
6752
1597
5650
5967
5393
1285
7053
4005
632
464
1183
3133
6397
8929
5433
6235
8111
638
846
9298
9074
5841
3524
6568
4605
2239
6778
1445
8552
1539
8886
4853
7379
1720
5970
5912
7110
6049
3904
40
4852
4883
4217
6632
8329
777
7318
6730
3293
1522
1810
1790
7776
1589
1460
4919
9645
6573
8973
5245
456
4017
5960
9635
3151
337
434
5407
9013
2179
3430
2733
7669
7025
4863
2308
2828
794
8417
1842
464
5215
7758
2501
8519
4384
7757
7955
1425
1220
3367
1159
4151
3729
9258
171
6583
2898
1430
1989
4416
6935
3826
3596
4317
2259
8697
2004
477
7421
2142
9917
4092
6540
7892
1450
1921
7770
1013
4868
6016
8043
1226
1869
523
2313
3775
712
9325
9267
9792
3371
3370
3718
5017
9539
8278
4501
4001
3216
547
8141
1043
6023
5750
141
370
9347
1009
4645
7068
4285
9053
8487
4933
9716
7058
3133
9622
7762
9956
1118
4536
6943
4697
7687
1570
2818
7523
2643
6703
3411
665
6709
5102
7728
5533
5025
9622
8596
8774
1296
121
7862
4407
5832
8460
9221
1887
6069
1613
1647
5773
8170
7458
6366
965
8723
9409
9172
7686
3283
7836
5798
8140
6927
8922
7816
5267
6207
4410
9570
8950
8977
5399
1277
9553
3851
1783
7767
8610
4168
4176
5141
637
42
7765
6044
4147
2011
6543
3258
6155
1305
215
3678
765
278
6787
3980
7419
689
875
5236
3047
5633
1967
1348
9151
9681
14
1838
9016
9019
7078
7983
7169
798
4197
9757
8745
4454
8007
8218
3690
4615
4874
7491
4411
2754
2033
8462
3513
9839
3131
2334
142
6172
5014
2733
7401
3792
8927
7434
1467
5160
8618
1285
7018
4730
959
8489
9231
6823
6043
1179
540
2077
50
3954
9322
6133
9603
8291
871
7893
8021
251
5162
9832
7308
5205
6187
4126
196
3222
3487
9781
9158
8056
4887
831
5400
4978
7075
5762
7488
1097
4548
6970
1673
3668
6095
9294
6736
5980
4303
8802
1789
5602
7615
4356
2083
7267
1070
2098
3189
5652
1240
9794
3085
1022
3567
7283
1097
9687
5054
478
4770
2833
27
3811
833
1476
2229
9940
8092
9911
137
1947
1177
9703
9989
4495
4558
4191
7657
7322
6183
8540
5772
5528
3883
1724
7092
7879
69
6641
6236
3029
9811
4898
6077
3453
1320
4003
2615
1531
8325
1676
5126
8493
8113
7242
3076
5628
4145
9986
6607
9257
1868
5998
8591
6626
1407
6028
7044
4752
1300
1390
4407
8510
9685
7188
7943
3358
8788
3255
320
5601
9971
1100
7007
8112
5349
8698
6003
3873
1224
5843
7447
5727
5683
2798
9686
7209
4399
5070
4665
7349
4567
2851
2606
1280
4089
5428
5009
8864
2706
9926
5930
6828
601
153
7110
5606
8936
7330
812
7952
7252
1705
5214
9372
6250
4761
7600
2443
3027
2777
2291
7066
7909
5643
3741
9858
6070
9669
4479
3036
780
8135
287
3505
6028
8964
1300
1366
5288
2375
3411
8783
9288
5187
3556
7408
8191
4920
6837
6924
4085
7305
1040
7687
7959
4911
5581
1307
2020
4844
6583
3353
5896
1795
5817
5168
7893
1096
7492
4251
3998
4247
2495
2329
7953
6780
4790
3662
8296
3385
1554
1417
3279
1380
9028
2105
9452
7776
54
3303
8356
949
8347
3129
1084
3561
8567
9963
5969
5372
8201
4695
675
8423
3239
1903
4744
1262
3137
1772
2845
5243
7169
8810
9918
8769
6934
8560
8812
1419
7491
4654
5055
1172
1316
7160
43
5193
7211
859
6651
7197
1637
9148
6392
4076
8125
286
7204
3125
8880
2863
8757
5341
3865
1649
3779
3329
6557
5466
4386
7001
1844
987
3236
8100
9289
3217
3660
1903
4782
8543
3699
4925
119
5516
2570
2593
8734
6531
5815
1462
4550
4341
1756
8646
5604
8668
6750
3644
6694
3625
3242
8428
4617
3047
121
1111
3887
4547
569
443
4242
3514
4597
1948
1400
7359
1112
2633
944
4273
88
8030
9671
5926
4717
593
3545
79
2322
7512
6109
3914
4673
127
2094
3773
5029
4845
9780
8233
4826
2379
9262
6473
2144
4810
746
4423
8843
7880
9379
4319
6768
9630
2996
906
7452
500
7574
3033
3528
8363
4276
1917
366
5983
5800
7036
9701
5365
9126
8709
8008
748
9527
7107
189
7907
4254
6638
5584
1561
7362
9972
8999
6465
8092
7370
6946
1770
8372
3294
4988
6569
9644
4716
1148
2244
7953
6397
9527
3307
7590
1494
717
7714
1743
1365
9815
6247
958
7178
1386
9379
361
115
77
7480
8989
2184
5795
5003
5784
3950
5032
7434
674
1760
5806
9864
1862
4576
2457
7516
6160
9319
1906
2891
1280
6829
8680
5524
9962
6457
4276
8180
5573
5659
2522
6141
2707
8648
8162
7784
3030
4136
1732
3368
3292
7378
2843
6246
2265
5541
8995
9741
6591
6663
3154
7923
8532
5874
7073
1050
1989
5240
2203
8023
6642
2156
2620
5464
7840
2839
3047
8741
7879
6473
4563
2114
1144
3214
5288
180
8821
7302
1821
43
1724
6909
3634
7280
5118
2622
7880
3581
3202
2483
499
7377
4157
1892
2275
2327
6171
7278
7673
7583
2975
6896
4031
7227
4151
7125
5568
7210
8074
4444
3912
7232
4196
7953
6647
8221
7081
6868
5878
2379
9605
6822
2165
8523
3467
312
2496
94
8377
771
4578
6803
7029
9146
1158
8594
8877
3290
4351
4827
1941
8677
9532
3529
8558
29
3291
6784
4765
5770
390
1206
2145
6449
574
5662
9251
3990
9216
5499
207
6787
2585
4636
487
6007
2423
2036
5376
8449
5878
6136
7997
6070
6769
454
6398
2218
906
9616
5948
4334
8979
1952
820
6977
8837
6401
7148
3192
509
1022
2082
723
8146
3132
2176
2953
8459
8762
9767
6849
3602
6769
7742
8621
9837
7593
6668
4657
2389
6294
8794
3550
5923
7875
7122
3883
3022
7223
1421
6973
9372
4817
4076
1544
5130
6642
7827
7407
4010
3173
5760
6948
7486
6646
6499
3571
1416
4264
1595
4487
3908
1340
6603
5246
5655
8901
4006
7220
717
9575
5890
1932
1472
6992
9487
1082
10000
5705
9949
3262
4032
5858
9707
8253
9999
7107
6049
4221
9076
1297
7030
6714
2411
7413
7409
2795
4899
8544
5661
89
4449
9901
8634
73
2874
1369
2437
5154
9347
2675
3267
4902
6976
7103
6197
6615
9547
4405
7146
7861
1222
9127
6885
3419
7620
4656
3727
6448
4016
439
3317
1579
9498
2377
6967
4647
7030
6757
953
5125
6154
6888
9753
5253
1908
411
2061
4727
3650
9602
5232
9887
2520
5231
760
7392
6173
7770
5856
8251
5879
9829
9518
4359
2482
6141
1691
5756
5571
9844
5156
3516
7343
7772
3059
1810
77
2403
5735
6721
1931
215
1885
9868
9015
2783
5078
4560
166
4223
8479
9921
6691
7255
7116
6452
7414
420
5277
1563
8032
8304
9627
8700
3205
1579
3836
7874
9625
9033
1788
3132
3329
2617
3017
5778
3011
900
418
8245
8889
3392
4930
9455
4451
6462
2091
7411
3766
7268
3657
3798
6480
5393
9814
1838
4534
7878
8195
228
6870
9115
4206
6941
968
3359
3447
9666
9243
5936
56
2325
3075
1161
