8
986
1112
4786
2
1123
7314
5917
82
8480
1883
2081
4744
2604
2133
4998
6501
8308
4516
9040
2608
13
4637
3888
8157
3593
2684
2085
2382
8760
1944
5004
4053
4747
752
4960
9683
3306
9447
4895
695
309
8370
8339
2913
1545
8726
9414
4747
2033
9700
3240
1231
6464
527
1643
9968
1090
7760
6248
4824
5586
9606
2081
9069
5444
931
3369
8947
8291
4352
2615
413
8806
408
6227
9156
9183
8821
5965
3858
2881
2942
3650
8870
5286
4049
6936
4397
3338
1825
8326
8906
8738
4287
4793
7068
8398
5469
1667
8561
9090
7351
8672
8610
5064
6103
940
7909
8145
9371
6271
6249
8764
9820
1108
8241
3987
8375
5937
7704
6922
953
2119
4684
527
6859
6900
7705
1105
6992
1745
2532
1552
7692
8473
8035
4787
7897
5523
1116
8954
3688
5487
9474
2410
1957
9633
6024
7927
1953
8389
8320
3392
886
9237
7767
3598
5151
7599
1383
4737
3638
2003
2615
4288
4806
470
7577
5219
1628
8768
501
3912
4876
3063
6514
9035
3412
9722
262
2916
7231
5335
4520
9634
746
7184
1437
4987
2851
2807
8705
6295
9088
8567
423
6694
1305
6285
3673
2769
7134
2218
3255
7635
1459
7862
3740
487
7866
1035
8987
5502
9301
7109
7218
2794
2527
9243
8166
6965
5307
1462
1162
3503
8854
8588
6987
8660
1338
7589
2761
9303
3677
6540
3391
6248
249
6324
1820
4261
1941
4181
1727
6180
1042
1563
5339
4462
7331
1705
9569
3016
7509
4131
1001
4120
7453
4673
1802
1473
4246
4131
4857
1
681
7546
4879
6413
8165
8249
2483
5423
1445
3852
1105
4703
4849
3164
702
1793
5168
1528
5761
8768
4890
2627
6238
6532
6539
2494
8400
5700
7149
688
6126
3783
654
3170
5599
2265
5312
6499
2026
27
9217
5416
2432
9304
2427
5419
9810
2696
5834
3278
819
3965
5819
7578
333
744
7647
6109
1139
4237
2082
1247
8006
938
8482
1794
1247
6836
2560
235
5390
2758
7712
8393
1825
7881
3532
3716
166
818
3890
9629
2133
8494
7542
833
7012
6593
4376
1915
8375
8290
8131
7200
1801
4986
6501
3790
1097
4263
8138
6858
1401
7904
5002
4325
3926
5228
840
3222
9623
1066
9110
5048
9269
1744
847
9760
3268
8736
3132
101
1661
7213
8765
8667
4905
3496
10
8556
8307
9303
1259
8007
2973
9108
9486
3134
9412
5318
6531
9452
6733
4190
4408
1386
5492
4355
5955
8539
6267
1888
4053
8028
1017
4917
2047
1196
4761
6213
7350
278
9674
4398
5135
2011
5941
2574
736
8946
1813
3429
7136
3125
1400
3015
3575
5338
5546
7927
7577
1596
6490
1176
6726
5063
7677
7187
684
9960
8251
2635
1810
7251
5514
8654
5098
2074
2836
5111
5017
4831
5121
7386
9279
843
1027
3823
24
6605
9540
3630
9392
64
6066
9076
9835
5522
1859
750
2582
6927
7750
9692
2062
7430
5942
5961
6962
3185
1623
7494
1285
5214
6261
9667
7820
2997
4566
6003
8837
6071
8209
2868
9845
1395
6701
1726
1822
2940
4615
3842
7460
6694
272
8661
9255
3700
558
3517
2727
7616
6255
8175
9666
8105
2741
6455
9431
8669
4189
4909
1915
9265
9271
5009
9075
7646
62
3027
8407
6600
1529
8294
4692
3863
8029
4079
7118
1643
835
6850
7042
9207
1467
8440
23
4981
9067
4895
511
4333
3905
9467
6893
1278
5911
3379
7295
927
7577
544
7839
9778
9707
7891
8713
2922
7399
6985
3805
1642
638
1887
3630
932
6649
718
8980
3632
5312
9334
3224
7324
7585
3417
1448
4196
5985
637
2346
1977
3520
8998
7401
8747
812
2119
9418
4868
8441
3573
7903
4430
1394
9810
5466
1468
5848
8548
4777
9780
3986
5196
2241
8277
452
2904
1148
2433
2026
9467
767
7343
8814
2100
878
7406
7096
8514
8111
3823
5603
9790
6142
9303
4327
3371
6368
203
4888
6331
3671
6605
2350
5852
8138
9818
3660
103
5690
9316
4045
3085
4418
6641
1900
2506
5234
704
7602
9784
3473
9518
3295
3638
1950
6708
2715
5321
1330
6726
5089
6116
4316
5950
7665
3944
7312
4974
5493
1219
5301
8723
7745
3843
2831
9621
6860
1370
8229
6842
3742
1980
9668
7252
2529
3168
8127
4814
2098
6690
3076
5975
5980
6545
4215
9403
1222
81
5710
8178
4103
8064
7253
9059
2802
6904
5819
7336
3869
1282
6780
8093
9351
7582
2324
9868
7451
3247
6304
6039
7488
7357
4473
4975
453
1638
5437
355
6147
2192
7783
6275
5309
871
5559
8234
9945
6269
7210
1947
1970
2721
45
70
5072
2911
2146
4858
9885
5516
4412
723
8800
6085
1822
394
8636
6710
25
210
1798
442
461
893
9386
5881
1040
3961
7374
5566
3120
6353
8594
2970
5125
650
1662
3007
8168
2889
1267
5823
1009
2046
6009
9714
9586
4336
8517
2437
1188
5265
2422
8644
4593
2041
2155
9920
6780
7975
754
5094
1737
9219
305
2032
5404
7597
300
9541
1669
3934
1216
2201
1201
3057
7207
3804
9411
874
886
928
8493
8501
4552
6743
1523
7328
5999
282
3281
2135
360
8282
7625
3672
1496
5456
7914
8374
104
4010
5946
9809
7208
1222
6614
2889
4534
4327
3787
6541
6939
9573
8843
9793
6856
6077
7715
1474
5767
8860
2584
4136
8574
2235
5452
2662
3371
4248
1406
8930
3170
4599
7059
8956
258
9783
8077
6283
3217
9486
1956
3746
4470
3275
2528
711
8242
7420
9263
5585
5576
9784
9640
5061
755
8651
6978
7298
7569
7032
7106
8606
9731
7423
7694
389
7929
1520
8257
2949
4182
1697
8134
4922
506
8832
2555
2061
6054
3296
2926
7770
334
4830
2187
9988
4651
680
6156
8421
2984
8581
7728
3946
3369
6125
9907
3300
7554
2751
308
3713
8138
5849
1230
2298
8058
9147
368
7838
2754
9909
8713
2435
5218
4034
6849
3736
197
6369
2684
659
3075
639
4147
3976
9704
4192
9292
2772
742
8134
7499
7510
3948
2326
5077
499
1966
9282
732
1529
61
2565
1894
3053
3051
5876
232
3187
4347
695
7176
3297
9105
367
3031
9702
1382
9348
910
1656
1771
94
1388
2810
6205
4
348
2608
2479
8911
4119
359
8818
8414
1726
7111
6680
796
3757
7455
6518
4507
3878
1957
5078
534
7337
8021
2787
4692
5128
7183
4915
6839
9825
3506
8633
9442
8926
5410
7805
4686
9230
6704
4414
4235
952
5142
2588
3700
7235
5593
6902
2551
9124
3866
6086
2926
8750
7492
8328
7139
3792
8130
2661
5252
42
5857
6828
2565
1714
593
418
6085
6648
3981
7436
3855
286
5536
532
8728
8754
364
4090
5414
1662
9428
2412
7015
1277
6683
96
2599
3975
8816
7401
111
8001
2972
4833
6068
6958
6091
5694
1168
11
3210
3723
6687
6600
6193
3752
7475
3814
9783
3805
2081
9382
5709
5237
6988
6669
8629
3780
5490
225
3799
5965
9901
1230
1948
4314
5478
1276
2451
4382
1310
3301
3676
1760
4610
4240
8185
3646
1053
4969
6932
5701
3107
9103
8127
9214
864
368
7941
9556
9442
5994
9125
5317
5080
9933
3457
6461
2231
1572
247
6951
8033
9350
2840
380
8177
572
2357
9622
9954
2628
995
4351
3429
5235
4325
8355
7835
9977
8491
6013
6335
4647
7231
578
1480
9106
2934
7327
8354
3815
9234
687
8203
8235
8723
7989
5241
5385
4882
5318
9328
3567
3883
9162
1258
1983
7846
5325
6776
7201
74
754
4544
4577
7862
8041
2264
35
7052
8988
982
3722
3832
9024
1439
1912
4897
5224
4089
2288
4431
694
767
4316
4684
1922
1213
4786
661
9494
1169
1263
9882
2196
2594
9713
1888
1131
6052
4299
428
6443
3069
8672
5262
9164
6099
2816
2491
9419
4585
2066
7198
8742
8447
6276
2421
9750
4284
5924
5757
1370
6871
373
2121
6689
8095
1648
1318
5029
480
2864
9971
4223
4997
5069
4566
7038
4487
836
7800
599
7434
2807
1713
1622
5169
1436
7574
9041
6122
5845
2353
7968
7744
9361
1697
4610
7871
780
4081
7544
2588
2299
2135
743
2128
5477
9430
8932
4423
99
4054
1797
9224
833
615
1484
7808
9503
1346
4804
8154
421
3302
3730
6440
6590
6625
9919
8861
1669
1041
8758
2995
841
8585
5070
1658
1510
5675
5292
5548
786
1702
4224
1742
1158
1471
3771
4200
3030
39
7330
1951
9041
6752
39
5455
2470
4358
3031
1585
9590
8522
7303
2440
5346
4303
200
6302
9998
4210
5550
4880
6667
2284
7901
1829
9885
9549
1700
886
2769
1975
9912
804
6209
8137
9012
8936
1177
8794
4332
8297
8251
9403
8456
6414
557
5904
5599
7399
6355
6760
5500
923
7490
3872
9173
746
8601
4330
7982
4319
498
9021
1866
3833
2890
8615
8362
2888
8974
6149
2214
1011
5849
2243
2123
4451
6500
8039
3121
8891
4445
7484
1270
2863
3343
8448
6284
2833
4070
3243
6275
563
3562
6375
217
2266
708
8078
1746
7029
5243
6570
4121
6188
5147
5840
6472
193
3161
3824
9087
5812
9348
2933
2761
4124
2136
8410
1387
8411
360
1131
9845
1846
4362
2145
3277
857
8184
814
4525
2328
8865
7324
9677
8060
7279
9324
620
657
9202
6521
6575
9308
3033
6955
4305
501
1182
811
4260
4525
983
774
5105
90
9824
828
7275
3545
307
3453
1508
7967
5412
958
1340
2718
6662
3130
2688
5211
554
4438
7157
8987
3817
5784
5342
3990
2059
4729
7241
9559
2533
4609
5752
4952
501
4293
9709
4040
6650
759
8658
5415
565
2333
2618
5081
462
3228
2508
9140
3457
2502
9995
5049
6578
9344
1328
9413
6429
2662
555
1803
1485
474
512
8456
2503
3548
6759
7914
8167
7841
965
125
6054
2343
4768
3823
7190
4453
9366
8743
7957
1589
3915
5861
7383
8085
7134
3403
3145
2592
3884
1374
1682
317
5136
1282
8308
2093
3307
3359
5006
573
3269
6084
8921
3863
2713
5606
8972
8702
7578
1807
8947
3274
6210
4393
5671
3080
2616
9328
3325
2190
4372
943
5874
5774
8986
5212
1904
5224
1825
6425
5259
8479
963
136
6621
4178
1536
5427
2045
3058
7385
2914
3541
6287
2028
3245
8794
5423
2488
8209
6941
5649
8726
5092
4134
5615
9472
4994
3374
7439
8036
3271
9514
5092
354
7606
885
2418
6740
6841
247
9131
1103
4770
9166
5548
1395
6203
6512
3966
4310
3898
6775
9191
7610
3586
4982
3563
9181
9382
5331
158
3967
5679
3837
8336
5530
6326
3969
7159
1306
5751
2449
1456
763
9930
4744
2891
9146
1853
1344
7973
4454
9796
5950
2098
5349
9231
1634
9833
6773
876
293
3544
9704
489
8797
8489
5800
1979
1627
2725
2236
1445
7159
3266
4794
1315
8610
8097
2492
7364
888
5373
8790
6149
3008
67
8543
7938
9
2632
1993
4271
6011
9645
624
8353
5050
3616
7295
7415
208
7744
917
1592
1124
4270
7843
6078
9478
7901
8444
5681
9539
9489
8483
7486
7085
5478
2958
5525
1631
3282
925
4986
646
2460
7836
3472
8396
557
7034
933
7132
8791
2724
2766
4376
2130
2971
5787
1000
45
3767
8439
2635
8806
5834
6625
7506
5569
2750
4745
813
536
1293
8851
7868
5483
6203
9728
1470
1724
3719
255
3598
7450
8775
7468
5954
2895
3160
7111
7736
5992
2329
3504
4697
2198
7249
4214
57
1252
9504
6744
2571
7592
9335
8088
4497
2996
7262
3853
5906
4894
4021
2508
1654
1650
8484
1811
8741
6525
8702
9783
7417
27
5477
8401
6856
6585
1107
5881
5678
5328
7343
5470
6162
2309
34
241
6804
6929
1431
853
2754
5201
8248
2110
4698
6819
1366
6598
7290
3290
3375
9511
8014
6506
9006
5967
125
4170
7979
3773
7623
3658
1194
3614
4225
5278
7099
9536
5663
1365
6658
2636
8437
9174
7623
3817
9126
6453
8578
5627
8086
6300
582
1568
3702
9121
7338
8845
3542
7729
9352
7033
5749
1478
5787
9946
7567
8288
5334
9249
8387
342
1767
6684
6819
3161
6295
5159
2473
9148
3522
7103
5166
7973
7380
4061
2661
5414
9199
8568
1946
9356
7631
6512
208
2880
2141
6399
4356
8927
5796
3127
6530
1345
2687
9926
2792
9418
6484
6593
1424
7035
8122
3776
2100
4096
242
1225
3273
4232
7578
3484
260
4074
119
8388
8777
5183
9885
3255
1359
2678
3387
2363
3310
7833
7575
7399
5818
3861
1706
2133
3584
8916
8423
2214
5462
707
4967
5424
6429
5920
2288
5738
2479
774
4191
7393
6544
8553
2787
8622
1910
4692
4993
1412
499
1634
1472
307
3593
4742
2844
31
8755
8372
4290
7692
2376
4037
4535
7752
2992
8172
5263
4100
9987
772
3175
6527
1484
5405
6671
8747
2075
6000
8656
5866
2198
6009
2413
4275
4210
3505
5447
7338
9914
7975
5037
9089
3380
2493
7569
6058
8279
4912
8639
9807
3337
2947
7554
7266
1201
4682
9696
5709
2338
5231
7829
9459
1971
2654
4550
7009
9963
3917
1891
1809
1054
2768
8100
1547
7117
9052
1132
6338
9587
9785
2362
1698
5789
9305
3882
5130
7765
9918
7128
1152
4638
6344
2059
7833
4374
8714
8365
2587
3573
6601
2465
1905
384
5142
5494
3995
5001
707
7728
6746
4628
9783
6509
1455
6892
9933
2553
4915
4101
5680
7844
4667
332
1653
4779
3114
2931
6465
3087
7475
2758
3711
6329
9053
5844
6494
8916
4582
8332
8464
1178
7484
434
2172
5977
1285
3613
3717
6249
2250
7095
5246
2269
1623
4293
2337
5051
4441
637
3283
6480
5708
7723
3791
7329
9333
2756
9552
5712
2521
3461
2686
2513
8949
2415
9339
3765
1869
1907
3294
2925
9641
2798
7650
7699
9766
9238
690
8835
9013
8850
8599
9950
4683
6541
8268
3480
9619
5862
7016
1745
8272
2789
7745
2646
6524
5173
5298
9555
8422
3183
6112
3463
5384
6398
2247
6043
3836
6857
6928
3034
9018
5592
2044
3073
1083
8722
7957
7086
8440
8995
5944
5397
9405
9715
945
1062
6117
9813
128
9344
6798
8987
6182
8955
3213
4900
7167
6050
4882
4593
4799
1303
5150
2604
9209
6299
6999
2091
834
4448
3735
7294
8413
965
6189
1748
8632
2587
5551
7073
7210
3678
6822
796
362
2922
7668
682
7271
9703
8540
649
4101
7239
5527
9983
3362
1066
5578
7804
9234
6527
8487
7275
8589
3234
5982
7894
3604
609
7540
2102
9734
9703
2900
321
9532
855
2502
2333
8066
7275
8656
3029
2325
5065
9434
9725
8008
5891
3582
2683
6894
4202
9674
4950
257
662
3003
9183
7567
1204
7193
6721
7271
7814
2143
9536
8927
1313
9475
7904
3174
4946
8950
3012
7879
396
3035
7875
7340
3331
6810
8355
4767
3482
9736
1015
6764
2335
6051
5901
9108
9080
9662
1665
3232
6852
4033
8709
1420
5301
2792
7212
1061
4375
839
7945
8611
7432
3345
4028
7697
4021
8516
4070
3065
173
8852
7183
7338
5200
4966
2827
5443
8931
5199
269
1448
5222
9276
3126
4770
3374
9244
9592
9586
6128
5631
5204
6731
1410
4901
1218
886
3016
2873
1250
5091
3984
4791
4536
7606
3752
7745
2502
4253
1281
6263
2469
9344
6840
2270
7338
8202
5108
7140
898
6707
6721
5958
3832
5689
5792
4924
3916
9640
6277
6350
6170
7650
7275
2576
8833
264
2758
9803
4156
8812
5731
8594
9672
5394
3716
4346
7888
4302
2067
2211
9040
8899
5197
7322
9505
4176
566
6723
1701
4077
4371
2189
1733
6617
20
152
2585
4432
4694
349
4091
5190
8912
3153
583
8162
1232
4943
4677
6354
536
3335
5307
9226
522
8348
284
3467
1996
1079
5839
6543
1256
1967
1815
1726
4021
6860
5885
2637
1763
7313
511
316
4818
4047
8275
7604
7890
731
5744
2200
649
252
6867
2554
2149
3387
9409
7030
1264
2779
5117
9409
868
2956
2065
4105
7523
5014
3646
52
6806
6400
8084
2944
695
674
8630
5745
9572
9267
2013
6197
8818
8723
3391
6524
2964
249
2752
3377
87
8320
4079
125
7096
9055
3766
1017
8145
6356
1206
7610
5898
411
236
7043
4939
9708
1864
4512
1384
6978
1985
557
2533
8121
340
6472
862
4992
1638
3656
3266
535
8420
8383
6828
7819
9562
1119
3227
8706
4587
1359
7482
3459
2014
8833
6377
2442
5376
9671
1918
6752
6113
4496
1202
2732
3628
6249
3043
3770
2302
1670
8809
3269
1717
7849
2741
1265
846
614
4155
292
5459
39
9902
1497
4099
878
2392
454
6040
6670
3313
7558
495
1493
7188
6269
227
6673
5241
8598
8239
6938
2733
409
5203
7572
9814
6317
4560
7992
9669
8722
878
3122
2710
741
5145
3341
5430
5340
2382
6087
3886
1065
637
9042
1994
7938
7596
6528
9573
1236
6264
9968
5593
5554
9976
7251
7135
7186
8312
8545
262
2038
2661
8207
6581
7216
9665
7753
8487
2680
8471
9085
4910
8616
1525
5532
6242
3869
4943
6197
5999
7136
7819
4554
4507
9039
592
271
976
1865
6897
8163
4938
948
8344
2938
6035
8710
6720
3019
5676
1662
4895
3346
7645
8503
93
459
4874
4209
8517
4689
3993
5648
2750
3211
3029
7959
4996
7573
43
2327
3249
4627
4789
8075
6023
7730
8441
8679
6201
9257
8947
9758
8422
1226
8702
9787
471
9201
1158
5052
2038
4430
6778
586
3221
9508
6443
7190
2745
6412
8165
6817
7026
5135
7033
827
4880
6078
3377
3242
2754
5892
2366
6255
3441
544
6661
569
504
7079
6515
9426
2501
8011
1459
2890
6430
2746
6343
6566
3344
8682
3300
2576
6759
1061
9473
323
6258
9851
8899
2594
7633
7805
8350
3193
9981
304
4787
7438
224
5085
9810
4275
1817
9440
167
4253
7425
4545
8821
2001
1417
8125
5346
7139
6720
8724
198
2781
1232
1936
8430
2114
1072
7491
5338
6865
7167
1918
3099
5455
9984
4916
7646
1748
6358
5848
7
3901
6661
4728
3877
7693
7093
1636
8661
48
6824
2595
5893
8539
3508
7609
2622
1216
6319
4029
5026
9202
9026
8775
8872
7596
4650
9349
1347
3718
5947
4007
4054
7104
5473
8672
8039
1228
8414
6942
152
3809
815
2182
7130
2875
6685
5752
1249
7774
3721
5565
9065
2321
6687
7938
1279
9530
3633
3912
2628
8284
1097
9732
3485
6767
7216
3873
9553
9035
7755
6589
4475
9862
8137
562
1154
4779
5566
4750
4927
4076
8131
7978
1322
5957
4521
9663
5753
9650
2890
5425
6313
2372
8189
4393
1209
3878
5232
7111
6388
1234
7617
9427
2781
2957
8825
6857
5502
1764
3653
6105
5964
8093
9475
7087
9393
4232
5694
2506
5002
8579
331
9354
8870
5749
6357
5001
7425
4119
5132
3373
2672
960
1007
3252
890
2068
7282
8607
7567
5345
1747
6232
3777
2901
9873
286
6572
2033
7147
1383
4304
9014
4357
222
1881
437
6318
9122
3877
3237
3638
5385
9841
9073
9457
1260
6175
8401
4267
8170
5191
9846
1334
9203
4813
8104
6500
2256
3626
5650
3414
1245
7723
1973
2405
2577
2955
9479
8336
7031
1885
1509
239
8
3590
7076
6820
4970
7822
1516
5653
9085
25
2937
339
5796
9474
110
3143
9285
7704
6102
1485
5749
1189
6524
3218
1661
9268
391
9051
8019
393
3882
6121
8645
5417
2502
4310
9342
833
2762
6681
4514
1220
5874
7347
1221
6695
3635
9124
5642
911
1388
7940
3466
724
9805
8185
614
868
53
9550
1840
5357
5161
8525
368
1900
4688
3165
7633
4745
656
3141
2838
2846
9383
9303
6509
1637
7152
8160
1919
6325
7222
7087
4115
5924
5015
905
1165
1106
3425
8217
4652
9833
9381
295
2996
5127
126
6633
5327
4162
6823
6536
8121
8292
9974
5432
1888
4922
4847
3273
3705
5268
345
539
7672
2017
8325
7551
8708
5171
2380
4464
670
7875
2118
2950
4795
3068
4348
7997
807
8710
8089
514
7654
4578
9192
7292
5409
3667
2476
5066
7986
9025
181
8331
9513
6968
3705
8015
1166
3343
9333
959
1923
8641
4631
8881
9969
2541
331
1261
8483
6975
3031
1200
6758
4879
5837
9276
7285
5662
5852
82
6596
9217
4055
6837
9511
3226
1076
3349
3049
4733
2627
9701
2120
1608
1947
1899
7508
8118
1408
5399
1971
831
1945
6958
6817
7615
1837
4685
8217
2520
597
1384
145
6758
4707
7509
7638
1841
873
5374
512
6552
2065
4589
8259
2975
7410
3323
4736
5422
2076
5714
5182
4442
246
2106
2775
6928
9419
4710
139
8151
5645
4576
4016
6952
9489
5615
5999
1922
8931
1349
8470
8164
9873
659
4755
8120
6028
5218
4967
6704
6548
5411
9629
7098
7426
4726
890
3156
5082
6225
7440
3054
1581
3062
9728
5053
6930
6083
9563
6272
5909
5481
9280
6135
7963
7812
1410
421
3083
4867
7538
2525
7419
9699
1114
5458
490
6892
5362
85
2163
232
7211
3480
2639
7474
5112
8371
4818
5415
7107
4165
1265
2059
3026
6354
9420
3701
257
7045
7327
5107
874
5863
9151
7204
333
510
9902
5465
6329
9673
7327
1223
1875
1520
5718
3182
523
2008
4083
2961
8900
460
1511
8576
4841
9655
9170
2904
5571
382
9896
840
2174
5377
6007
6344
3479
8257
2014
8413
9911
5043
9135
1791
4357
988
55
3665
1836
6261
405
7018
1064
597
7478
5639
7673
4831
1425
2204
4137
3619
1188
6697
3062
8493
8070
925
4616
6704
5523
3158
556
3695
2011
469
4205
2630
345
376
5470
9197
922
9999
9481
5361
6362
921
4791
8041
6177
1729
5936
3352
4502
1210
8056
562
6241
650
4667
8593
7428
7442
6053
6115
6673
1438
9205
5185
612
8663
5294
8246
8671
3410
7768
8202
5833
7122
699
7009
7217
7881
677
2221
8733
6902
2726
3271
3704
3764
3070
6603
7828
6442
3800
4727
8890
9116
2897
889
1998
3101
623
2040
6215
3631
898
870
3158
7156
9491
4674
258
6359
3127
6750
8200
9389
9180
9369
5967
3121
419
7650
1964
8206
7389
1338
540
2817
4787
5932
7558
9511
4608
5793
4131
6866
641
9923
5091
6744
8577
6310
3390
1131
4955
8098
933
9672
3492
3240
9392
8329
8645
4945
503
5302
5470
9169
85
4700
7051
553
6085
629
9560
979
2699
1287
6787
2658
3730
938
3227
3689
6676
5760
3903
9193
2912
4778
9538
7233
5623
6007
6202
7510
18
4422
6676
1021
4218
5516
4003
7462
8945
1750
5268
1247
8681
5417
9474
6354
3778
316
6890
6433
136
2641
9198
5531
9520
223
4793
9459
361
1815
2370
5564
598
4365
9848
7172
7865
5133
6378
1157
5381
7054
6746
386
2567
1975
6223
2340
6277
5667
4128
1762
3700
6587
9647
2262
1073
5886
8848
8350
1708
3820
3809
9210
6320
5364
5017
9278
4030
5070
4040
975
7519
7997
4239
9344
769
3718
6692
8297
2674
5975
1160
1743
8906
9046
3665
1104
7618
6867
295
5943
391
7020
7051
6530
2931
1907
714
3559
3610
3102
759
3432
2134
4090
4450
1179
2222
9783
7649
750
2436
3064
7844
9609
9004
46
9242
3581
101
1721
5167
6909
9705
6275
8570
1882
9324
6971
2945
2621
1760
8104
9852
592
9857
843
3390
2183
2281
4054
7643
5949
7884
9670
2631
6436
8072
9296
1889
3207
2064
2302
2066
1792
8653
6416
5122
4377
855
206
316
9799
7702
644
9454
4472
5158
7378
3206
8726
3956
6981
8813
2763
4627
5256
4493
5091
8791
5027
2502
6672
1241
5881
8683
8743
6852
3390
7355
9243
5031
8467
9151
2589
1950
2925
1278
6307
3417
6933
1543
8253
2770
8886
8803
4497
9715
8263
4153
469
531
2508
7572
9804
6915
2380
6138
5742
6455
3571
7968
5818
4959
756
1060
2820
6224
768
7059
9567
8571
9443
8454
2576
2916
9803
634
4657
2292
2419
4969
6428
5251
1798
8621
5983
7422
7881
2851
9186
9825
3719
6775
4476
2730
2746
3398
5656
2022
513
8112
3267
8288
1821
9606
3142
3422
9299
9747
247
9481
5948
6986
7854
51
6348
3534
9926
6079
7052
5765
6853
742
1904
4879
116
216
3712
3237
9125
3767
2714
1682
8455
4252
5292
7904
8047
5581
8153
3138
7015
2386
9315
369
5842
707
1789
9889
780
1070
7247
2467
5539
4082
55
7230
5075
2816
4739
4968
8877
559
7479
7126
1879
8579
8006
2424
1892
2569
983
9879
247
1956
4209
8819
2410
9527
4377
7442
1600
2219
4918
9737
1350
2899
4004
2306
2668
2596
2103
8774
4812
5079
5314
8982
2212
5358
2266
8712
5398
2556
5318
1595
7839
9253
6597
3618
7359
5945
8610
2931
274
4596
6869
7459
3236
2967
4805
9638
9584
9949
2631
6777
9521
5989
7111
6886
9367
2997
9211
3936
4958
9780
7393
4796
273
6595
3190
4256
4714
839
5032
2167
5097
7366
6056
926
2783
4152
5408
3971
4976
7102
212
609
968
662
6226
9487
9836
3788
8663
1367
851
8732
5911
8681
3554
2754
2149
397
3045
6587
206
4291
9612
8297
735
8497
8841
2288
4863
6496
3511
37
9820
1095
704
6294
5583
2625
2419
5283
6149
4636
9991
4586
4792
9977
7041
8025
569
2872
3867
2270
5070
6381
4404
4321
4661
3328
8194
97
2431
8135
7976
4851
1724
7306
9071
3289
5992
8949
2547
5323
4154
1988
4538
9152
5790
6738
7689
5293
8670
8866
1694
2469
8944
3116
7360
9841
3892
7839
4864
5146
1159
9011
7897
1006
5627
6563
7910
9522
5590
1175
9824
2797
9200
1725
1872
3631
6249
9930
8412
893
6326
3285
8379
1367
6880
2962
5886
3564
425
4882
7656
6830
3346
1919
161
124
5611
9363
5810
888
1049
5046
7414
5930
7731
6601
3733
5018
2097
3661
5038
5134
1888
9014
1486
457
8474
5492
3978
9854
9495
7286
8379
1801
1818
5352
5820
9806
1137
4011
9563
5638
1320
2494
8946
4384
5076
9103
9891
8088
851
1705
827
5706
3944
9367
1062
8102
5435
6589
4641
849
2050
7195
4218
392
2912
3540
177
9619
1830
3241
6050
3465
7258
4558
1875
4767
5037
7789
4946
5152
8769
4475
3861
572
2834
7720
2948
2377
3483
4181
2863
3599
117
8588
8985
1835
6877
5084
2216
9629
2530
343
8391
9077
7918
6572
3342
1462
6910
8470
280
4919
3436
3423
9546
5629
7786
6364
8522
3902
9021
8144
5425
4465
8529
4435
23
7653
5854
7469
4799
8257
2160
3189
4497
4116
4524
2168
4590
4533
6429
6419
1890
3816
7928
8143
6598
7918
3574
8652
3356
5547
7397
4046
2360
7413
1611
9247
2484
8386
6098
893
5651
1801
3203
6828
2566
4435
2292
5952
4354
3717
6509
2424
4049
584
2031
4703
5011
2653
2331
8149
9901
4422
7207
6142
9023
8706
9039
924
4270
2201
1398
7265
8334
9391
2902
6567
9113
582
1434
3446
2187
3174
3757
3309
9333
6368
2203
3318
1923
2222
7731
8448
9178
9124
2812
991
9723
9431
4477
1826
1843
824
343
1051
2824
3180
4540
4265
5889
9985
7661
3031
7760
1386
9165
767
6930
8347
3777
421
4616
8053
4598
6585
8848
8988
9346
6666
4785
5255
4214
607
8923
4278
7943
5016
8796
6079
4376
2325
7432
1345
4699
9500
8557
8843
6116
884
7839
4960
5708
6733
4712
924
3800
4355
2523
3427
7013
3111
3666
9309
2004
5022
5665
9271
1364
9554
8602
3751
8908
2822
4629
2873
234
7033
1845
1673
1678
2479
979
8858
7494
4769
7090
6799
2419
9381
8871
7836
7502
6709
8843
356
9686
5658
3863
3778
7060
1059
6792
5859
3837
6486
2340
4305
460
7778
9034
975
4399
2635
2233
9028
3451
8612
7316
494
1430
593
960
6687
2668
3106
8407
6022
2905
8463
106
2113
1758
222
4062
8220
6515
1134
9581
8687
8564
838
102
663
6630
7575
6069
892
4533
124
8181
8815
120
1977
8850
2612
6262
4450
9213
2782
3391
3391
2508
640
2289
8920
3774
2817
510
9840
3648
3003
3280
1424
4113
6858
7582
7822
7609
569
7605
1956
1056
5430
364
3369
3884
1164
7562
3833
5300
4305
2630
338
8783
2722
9967
5734
5174
1321
9942
8285
7518
5688
8030
7652
6274
7544
2195
5684
1867
4103
1284
2848
5803
4350
5387
3550
8598
4099
8202
1720
6640
7661
5097
