14
1
161
17
17 383 874 251 429 232 244 609 483 786 995 548 56 858 388 683 319
2
52 585
18
565 624 909 450 261 964 482 805 384 884 491 548 231 643 153 297 549 387
2
988 435
20
716 54 82 495 113 277 246 0 666 924 492 472 953 367 971 960 435 456 278 786
2
303 321
3
515 495 238
19
567 771 910 500 548 729 345 68 793 416 634 53 97 822 662 669 66 382 772
5
299 732 910 297 193
15
841 7 869 717 852 75 148 298 605 162 803 342 912 745 905
9
178 276 926 407 708 360 123 879 326
12
636 126 566 349 311 28 77 84 244 921 839 523
19
567 848 38 200 174 916 150 804 384 178 208 613 376 12 188 921 642 691 369
