15
2
322 427
9
65 513 323 728 774 946 628 345 204
8
389 345 996 454 457 337 5 842
4
837 43 631 919
3
80 241 266
17
488 393 992 672 507 458 528 56 462 626 18 890 376 630 101 989 586
18
37 509 770 944 923 236 901 357 229 503 103 997 576 6 765 652 252 762
4
553 729 188 879
4
443 323 331 960
16
314 196 42 699 263 652 532 433 294 394 660 824 556 188 717 960
12
683 815 935 308 356 421 954 951 381 860 3 19
15
388 455 984 977 785 516 443 437 621 246 109 649 860 324 580
16
307 961 812 521 57 25 529 575 875 934 655 378 626 849 518 339
13
560 192 486 365 564 669 552 788 53 956 445 730 620
16
25 44 933 670 228 894 314 525 415 623 460 236 29 511 409 474
