928
7432271   14
2804134   1
8014772   10
1183213   19
8142106   12
3056040   11
8223750   13
4219894   17
87448   6
9599436   5
3063671   10
2627990   11
2773955   4
7323512   16
8021682   15
8899234   5
9500156   9
3401196   5
1293651   2
8278516   17
7836774   1
709025   16
4995203   17
1288433   0
1134112   14
8052796   16
3346268   18
6473890   10
1118854   1
1577841   0
7505516   18
5502823   14
9422201   4
2360908   16
3933390   11
7303224   16
4791328   18
8888860   19
2158809   1
5937126   18
2269344   2
2672493   5
1405670   10
6797381   12
9581571   2
5814365   15
2460533   11
8578164   7
2292328   13
3963208   18
1244769   12
9714462   0
6557977   13
5549966   3
6057354   18
2560198   16
7025357   14
477171   6
5284789   3
7551300   10
9724813   7
9083065   3
5588044   9
8111145   0
9283304   2
2916863   2
572696   15
1782120   11
6444910   8
7538   8
9496570   14
554897   8
5486868   6
3891609   20
9392225   14
8958951   15
4425818   9
4716495   11
3803453   18
9121532   9
5321187   15
4023046   4
8324345   20
4490675   0
5583481   4
4336734   11
4156799   12
8231199   20
1364687   15
6898027   8
5423909   12
3684463   12
1898217   7
556602   11
9903938   9
5596677   17
3057167   19
503505   6
1262066   7
3387249   4
5872575   2
7021425   5
6676814   8
3088295   2
5438174   2
3956109   0
4480904   1
8621661   11
7295676   15
5753902   15
3066638   3
2375936   18
6947036   12
62182   15
8672516   6
4416281   14
1719881   15
3461560   1
8780485   14
3221144   16
5054849   4
4068768   1
6973509   7
7318141   14
3625907   3
2051175   6
8916850   18
4590215   11
5817996   1
144791   12
6747430   1
2829606   20
4486216   13
5325031   9
2761180   3
7609578   13
3816559   20
5145570   15
5279686   18
6674262   17
6348428   17
9249080   11
1542968   7
8619449   20
4340635   1
4310152   11
5261409   16
6141613   18
7519213   7
2659999   11
694224   10
9572775   19
8278578   18
9760011   6
3373826   19
6937314   6
3725348   16
5322701   13
2690684   5
5830398   15
5318608   11
321580   3
8779297   3
4056915   19
637858   15
5870820   15
6135851   6
5057836   2
3065081   1
1385257   6
9314149   12
4710945   10
6324990   9
1936799   17
1965921   16
9156667   19
6041127   11
51761   13
9418867   12
5878763   0
9594973   9
3746843   15
7432659   20
9818553   14
9159566   15
4114195   3
4890929   12
313699   13
9084293   5
5467164   8
2993156   12
1046763   11
9280026   10
3687522   1
3615993   14
5996389   7
8365796   6
7974582   4
3966910   19
7732665   1
7558859   12
3531687   7
8864387   12
3258260   5
9063907   10
4779426   0
2242234   14
6903366   5
3375635   11
2652509   20
9175818   17
285   4
2536915   4
4172400   7
5535999   19
9360446   10
7256418   12
1253077   5
5600097   15
2761783   6
8252188   7
6892764   11
5216362   8
2545670   5
6680944   0
3819417   6
159145   7
5760594   12
1931412   1
1320747   19
8335362   3
1721539   8
7200767   14
3343456   2
2432176   1
1814740   6
5559205   6
5932998   14
4763809   3
6299600   2
6108075   12
5185762   12
4139521   12
6741124   1
977486   8
430473   12
6466207   8
796288   2
5115560   14
5121878   18
2067193   6
3740650   17
5346503   4
6311988   14
6482259   2
1034803   9
259230   12
4583089   17
2066484   11
8952298   14
7815074   5
1033601   20
6275668   16
2074084   13
5593528   17
1661254   14
2328522   2
7702051   2
5165183   16
430328   11
2137248   11
7879122   4
9960784   0
4726066   1
4984022   7
2736993   6
3716553   17
7292889   10
9179703   16
4402022   6
3238703   18
185024   15
97097   18
2669539   2
6481920   20
3893677   8
5728366   0
6587098   20
2690431   18
5339658   6
2434095   17
729357   10
9873808   0
5598946   17
3947166   20
5233708   19
3967508   15
7308898   10
2381946   6
2942651   3
3973341   10
4975190   0
9729502   0
4887672   19
1435259   18
99335   2
905928   9
4878922   2
822109   20
1207663   4
1400869   18
5971256   7
2746623   4
5839454   2
4591736   5
6858959   2
5385635   14
4295910   15
3778236   20
6602348   17
9007013   19
2063487   5
5493104   20
7416017   12
7166814   18
946494   8
3806157   12
5311413   18
6002508   14
5078639   11
431353   2
1550872   11
8778952   20
4814840   7
865021   3
2453700   1
3532551   16
2619047   13
2514958   19
3289261   3
1303543   11
4063837   14
3465653   17
7629621   8
9458378   7
59978   8
3184880   2
8747100   2
5753737   15
4666150   3
4499809   8
7379784   14
5046739   3
7097971   9
4722529   10
6429059   11
5524655   10
9691653   15
6010409   18
4661290   18
6590649   16
998403   12
8370132   7
9080297   19
7342336   12
9794169   8
2380333   10
5874876   8
8593471   14
744318   8
532840   0
8386508   16
4234941   16
8720638   2
306566   4
8267479   2
3856119   2
9468053   2
8928667   1
176539   5
8138842   20
2782753   20
8507345   3
9216691   2
1222739   5
1401668   17
8726909   3
3660349   3
8103086   15
4800869   11
4604966   15
2855988   4
848272   15
786667   6
3944905   7
5931747   3
4271162   2
5264103   14
1642284   18
4125696   3
8112170   4
1676052   4
7948592   5
1109557   11
2338823   5
7526348   11
967002   8
1629011   4
6372405   4
6975265   12
9128505   11
7468254   12
4208303   4
500101   8
1762686   12
2383176   3
3377694   8
3938579   10
1852278   1
3501819   7
6303592   17
9718610   12
5570924   19
4819713   14
4306404   7
2771743   16
79302   11
2172143   12
4954014   14
7604442   15
619466   11
7735547   7
1990471   18
7009375   16
1749890   16
3172336   14
9447077   20
8374473   11
9393012   14
5255758   3
6473516   20
8963614   14
9051994   4
7114242   6
5353799   15
4806993   10
5330108   6
9745584   0
3550611   11
7488054   0
8279571   1
1963971   6
7376750   3
2047156   11
3305129   1
8373067   18
6249413   6
5534830   15
6652750   6
1656443   2
7383828   20
4968350   19
9421965   0
6977939   1
8287111   16
8323089   0
5494191   7
469429   12
7778662   0
9745397   6
9913900   7
6156203   6
7686101   1
8487098   16
8425159   5
7779100   5
6536707   11
9650033   15
2669107   4
8520249   5
6898434   16
6214882   20
2207071   16
7393306   6
528498   6
5144626   13
2180362   12
2433884   10
4315087   12
156655   0
4941994   3
7861750   9
739251   3
5819967   5
7362217   16
2492017   3
2814191   3
7996225   5
7052929   0
4633084   0
1922421   20
5623057   2
7672786   0
1662827   15
6770973   7
6370405   13
6564457   15
4058006   0
7996610   12
6967071   20
6513316   7
9580627   2
8822434   15
8401776   10
1356917   13
3619287   12
5823520   12
2735685   9
8681871   4
7080827   11
573328   8
5878297   15
8848658   19
6006796   18
9707227   9
1766646   13
8097586   6
524078   13
7616391   3
8762829   18
7271974   16
1729435   19
2351080   5
1111024   12
6165440   20
740616   15
3099495   20
9540170   16
4345606   5
7037984   4
6535869   10
1767155   12
5281206   4
7648114   16
481508   18
444272   10
9210218   7
8496466   5
2727485   12
8306857   11
7305391   10
4520965   6
3809861   6
6821691   6
3496764   1
5138180   15
5302062   0
9332399   7
2451986   1
2892931   18
5745488   20
8152102   16
9808750   6
5855354   14
6686545   19
3448999   4
3785129   19
1151926   13
8879224   18
6436647   19
8050779   8
1044813   12
1313451   14
6829709   14
9891107   9
9830012   8
8274556   9
6198430   17
1626755   3
7944625   4
5257645   16
1334179   1
5621052   17
90791   14
2988472   14
8696241   13
9554141   19
7180051   16
9199504   1
4565144   8
7056109   9
4403713   9
7313125   2
6496654   0
511621   7
316696   0
5104000   18
4140316   8
6040733   12
4505722   10
9539447   5
2855777   11
9490388   15
5980036   14
1276943   1
3313189   7
4642749   7
149498   10
4278978   5
287949   4
479094   15
3557275   18
2723920   8
2336250   18
900820   7
5306207   1
167369   8
1544204   20
909758   9
4526605   11
9452025   18
2538311   8
3970525   18
7145636   4
9423431   3
9903202   10
3268710   3
622893   12
9792652   11
1832765   15
9802535   13
1760814   4
9378098   9
6529216   0
8476989   17
4465271   7
2209053   13
7580537   8
2394627   7
1210737   19
1110474   3
6774425   8
3913862   6
7143438   6
3848713   2
7073728   14
594199   16
3029546   5
1939842   18
7177915   10
8878393   12
6673943   15
7829559   18
936914   6
5938012   11
5674093   9
71025   3
6412474   2
6478474   2
9220772   2
9947619   3
5532123   20
8219271   5
7395114   6
2124206   17
4396416   8
1761580   18
1162442   13
2639012   4
1169941   4
3445813   13
7776816   4
6239400   10
8339017   12
6304164   15
2862385   11
9384159   5
2727754   15
2350974   13
2378169   11
8292503   1
5340536   7
7186696   14
2349311   13
890194   8
3727155   16
7883715   9
3786220   2
567923   13
796858   7
9682007   14
7253871   5
5776758   8
724168   7
7248450   6
8159718   12
8492314   16
8784387   10
966818   9
5821994   1
4677994   18
8513385   18
6073015   16
138415   7
2760156   19
4699364   4
697778   20
425647   7
2298470   13
7345069   12
3258966   19
8147748   15
6510282   5
8091446   17
2996191   4
2239027   8
3960601   5
4111879   18
6185962   12
7480978   15
399445   9
7274061   14
4417837   3
1393971   11
1787471   19
4798632   20
3317456   14
304171   16
7660115   2
3909916   6
6119314   14
8920387   11
4340415   20
5655397   20
9992901   8
2700865   12
1851865   0
4178746   18
2871787   19
4080968   14
379647   2
4523644   13
8332494   1
1535314   11
5835913   16
9959355   5
2902027   12
2394212   16
1356524   11
6268439   14
6307336   5
4910994   5
5665422   12
8945069   11
9833402   12
1182217   6
6207076   18
7349761   0
3100221   14
263890   14
5752785   18
1697115   15
5848847   4
5834065   18
5733479   2
581357   5
1121575   1
3181389   17
1435418   20
8494273   6
4568165   20
8726781   11
1581078   11
3283121   9
5674520   9
8827143   16
9858696   20
2374619   5
9316695   19
7567170   15
9011834   2
8197812   17
7046490   20
3752923   9
8859446   6
8430655   4
8285653   0
6798556   13
3505207   12
1310286   12
6787184   14
2660438   13
8304531   1
2107213   18
492784   20
697834   16
2734762   7
8301570   2
4320167   11
669568   4
9492176   11
892433   9
1716618   3
2813677   3
6475153   14
485129   13
6716655   2
3004630   16
2047049   10
7476627   17
7058940   11
1089782   14
1210934   1
5177411   4
694509   3
5415382   13
4084292   10
7415454   14
5444237   8
8603658   18
1073299   2
3676122   6
5407358   17
9801106   16
3207540   11
4797080   4
387434   6
3029267   1
67193   3
4038516   9
9223010   16
5956802   2
9984145   9
4082640   3
6727163   16
6445214   14
3188225   16
3637542   0
5278857   11
2702234   19
7281638   11
924027   0
7762597   3
7682574   18
6945120   13
5426405   9
3018431   4
6527134   17
6237958   18
9836041   10
6607483   13
7082645   10
4691994   4
412038   3
8223594   8
9525852   0
3441826   15
1775162   17
2243264   1
1967029   14
3897136   18
9781589   9
3757658   13
2145800   8
4099163   14
6880731   13
3881246   3
3714355   1
4002906   8
2952454   8
7942942   2
7069906   4
5767098   13
2313141   12
156563   11
3285517   20
1689756   18
5075986   13
3312853   17
8898467   7
7330852   9
7352004   10
6835004   16
5248615   8
1800008   14
1163584   9
3251696   19
3875894   3
3382339   11
4229289   2
2292248   14
2483309   11
1185712   3
856489   15
9417943   10
7231658   19
9809120   6
8910617   12
1462191   11
6841230   3
2919374   12
2018537   16
958501   5
3746804   4
7951212   0
517561   10
6406199   13
7243942   12
9153273   0
9920187   12
7228327   15
7326922   7
2521122   4
4333189   5
802930   7
8508606   4
6407982   11
3596057   3
4082221   3
318140   6
2751744   19
6190547   19
7648129   20
5893583   12
4950519   3
3044076   15
9542486   6
5863130   3
