506
7473629   4
3626897   2
836447   7
7598137   10
3789907   1
6068763   8
6056081   1
7352693   0
9643452   12
1285045   19
1948418   6
182592   12
9046187   11
4088683   6
2920977   5
8668206   3
1673776   11
1204702   11
6318686   2
2882014   10
6547066   12
9563134   1
3687295   4
3410919   19
4502116   19
7290166   4
3908246   0
3459453   9
1717134   4
5143985   19
9480206   17
6841684   7
8686808   14
2910430   10
9146189   11
2866254   6
8055246   18
1736994   16
661337   6
6069758   14
7898542   1
40268   13
4884790   7
4839677   4
89432   14
7987060   18
8615590   6
9851703   3
3579586   10
8342874   7
650505   3
7652950   4
1402177   14
145237   17
6987983   12
1539473   11
4527203   1
8243319   13
1036890   15
5532614   7
231130   7
6966944   6
1465867   14
417595   17
390788   11
3415216   5
1054530   5
6054517   18
249819   9
766083   3
7417152   3
4087858   17
5369551   2
8107963   3
6660806   16
8857152   16
65189   1
9106873   10
1057881   1
2972319   12
5516812   4
7599609   3
1475864   14
7407983   17
6005543   11
8201038   14
682300   4
5602334   20
1936780   1
2970977   7
1838110   12
6278273   8
2438317   3
1640191   3
8848825   10
5951300   8
411961   8
3776709   3
7155578   5
1981461   10
8899097   2
1753608   1
8794636   6
6686060   5
7100358   1
5666180   11
1302565   20
486657   1
907310   20
1239453   17
4073739   12
1951477   12
5076591   10
8065803   3
1720036   20
1150944   9
3605618   15
8361790   3
6804352   14
2500055   13
1936273   6
864751   11
4202396   12
6410684   1
4769571   18
3959017   8
4388775   0
6273178   13
3881445   6
8162234   14
9745304   17
2532255   3
6128660   10
7903574   20
5688738   5
5363503   4
3384437   7
3288275   3
9385234   17
3442976   2
860026   11
4692794   7
5066178   12
610290   10
3410968   19
72592   5
8607543   7
3004734   6
6651633   14
6799809   10
443810   2
4621084   6
5023502   6
9633617   6
2870350   14
1695556   14
2984699   3
4702299   1
8376200   11
4047147   14
5413005   11
7276585   8
1404834   14
3258271   5
5083565   1
8693924   9
4586162   6
4803531   9
7826131   9
7304831   17
3525494   10
1992316   6
5474527   12
6358121   9
1541703   20
5168470   0
9727546   1
8834619   16
3773518   15
4432334   7
5890174   3
4045227   9
7057682   3
2223428   19
4379171   8
9839454   4
2471992   9
3678149   6
6293767   19
5607197   16
4183058   14
1504923   13
9011914   18
7353458   0
3092560   8
8775829   16
1997976   10
1314258   20
8101807   2
2181222   10
6016180   15
7084642   5
2271044   11
2411871   3
5051029   16
4169171   0
7282896   9
4678914   12
1711924   10
4605734   7
3616505   1
6499449   20
4693987   2
9063538   8
4882661   19
8091011   7
1648368   5
2755651   15
2328799   3
9203752   0
8625634   2
6546231   16
804266   4
8917208   8
5884900   2
1594988   19
5797141   0
7637906   18
3157526   8
5457153   15
9798245   1
1198803   13
613983   8
3917947   20
6935998   15
8093457   0
8428600   2
4115235   3
7204305   7
4544353   9
7775535   0
5655307   20
7194741   13
4974324   1
6398493   20
2562211   0
4471464   9
6712134   14
4250561   5
1999789   8
6149116   6
7061108   9
8816365   15
2917212   14
6439357   2
51125   12
8851112   17
1053115   14
9427585   11
931300   5
8123401   5
9079333   12
80624   6
2283460   10
4991048   19
5366756   20
7429595   9
2020968   8
6692433   3
3543378   1
4361207   4
1519991   13
9586939   16
1591716   19
2488383   1
9068825   7
8378080   7
345624   5
8935435   10
1059863   7
8031789   20
2621047   4
166319   12
8287299   14
1205311   8
4086092   0
6504931   9
3015605   1
3969700   10
6115688   1
1353542   10
6823790   10
6697967   0
1625852   6
5028043   19
1898283   12
6998394   13
2886897   16
8901319   19
6696364   18
5353315   1
5050785   16
2767960   18
1908379   20
2507857   17
1795685   5
7388052   13
7840953   12
9862865   7
1643807   11
6197354   1
466295   20
6835971   10
8223773   16
9672721   16
1213226   6
7795650   11
2520802   10
3636941   14
3278603   12
828514   12
9466464   15
1523422   15
6333754   19
4828394   20
3675851   2
2821720   15
3520403   10
5110217   10
2990704   8
5013399   9
1585850   15
4348705   17
8047687   19
3739375   19
3116183   9
4979224   18
618563   20
4429668   14
6505842   2
6584705   17
5649244   2
3433190   12
8357806   3
9277137   6
9504004   18
5092037   9
2834032   20
5427144   10
9467825   16
316320   4
9837128   2
8018158   15
2019230   5
8161648   19
8153426   4
5637496   12
2854716   1
7051129   10
5084092   8
5026810   17
8524357   1
4384297   13
1284593   5
769877   12
8002470   14
8760776   0
4922215   15
874814   6
7252846   18
9709020   13
2142505   2
518050   15
651324   20
9969058   4
9669723   18
4973063   6
9979495   18
5966566   9
3881497   8
1571258   19
7463202   0
8100049   8
7124582   14
833961   20
6832034   4
2327646   15
2326692   4
5466775   14
5748130   10
5809892   15
3164335   9
1512832   6
6168949   3
7438241   1
203694   12
2920908   18
8451634   15
9493960   15
6582328   4
9276239   1
806250   13
7091679   11
8203949   13
8582514   17
1475605   12
1594185   4
581217   19
8930820   15
7634810   0
9045148   19
8230797   6
4329985   0
2505549   0
7271995   13
2340658   20
5693908   13
4840619   16
9680185   0
2059502   10
5427038   4
1050357   19
3686233   17
805046   7
5251255   20
8778084   0
4499100   18
1618724   14
1943602   14
3014764   19
7868129   20
6724369   20
7013535   18
3603222   14
6876551   15
213433   0
4706299   10
4842685   18
262841   18
895199   11
4918430   19
6287591   17
8258169   5
157773   3
4157509   8
1524919   8
6061818   14
3693677   5
2962282   6
9634795   15
3067050   8
9498992   4
8997211   1
8158143   10
8515111   16
67605   7
1494234   19
7802655   10
7580876   14
2030465   13
7221899   0
4870973   1
1105537   20
3071517   10
4399228   20
2470330   4
5069757   20
5268585   15
6389246   20
6514681   9
7892415   7
9178290   4
7317340   0
5473315   20
6873020   10
9227247   6
2683797   19
8480902   5
4900466   0
2986704   8
2645445   16
469734   10
9198706   8
5003971   10
9120783   4
4793420   18
1037970   13
2406522   10
6785260   17
2108040   7
5306959   10
545707   12
8055807   6
7552190   1
73022   1
9103106   3
1926849   6
4423878   18
2137986   0
2306809   19
8394005   2
2309834   13
3324278   12
2982443   3
7922549   2
6163751   16
