887
7775251   10
9685219   14
6070080   18
7934216   18
65286   18
3102662   18
7261064   16
9881891   12
2369190   16
9033199   4
3903653   16
7699   13
1670222   1
6220583   17
6246446   17
2999524   0
7209057   11
8804256   13
9833227   4
8828292   9
4255132   3
4041637   16
9834871   14
9509304   8
6274522   19
9320658   16
6513682   5
1968131   9
5955219   9
3794439   5
3814250   12
6996955   2
538881   5
1187552   11
1701495   0
6745280   0
7098282   2
4175474   10
3580900   19
2746827   2
3667739   17
1470099   2
852561   14
4918933   9
322461   8
6598630   9
8909138   7
6521211   1
8022459   19
1502923   8
1262627   10
9759385   7
1896466   13
2555094   18
1040147   19
9428730   11
9785375   17
1194098   3
1068699   19
147758   19
9658236   14
5205839   20
1432147   10
26408   0
3133471   7
2364801   17
2677939   11
5181884   13
7735887   18
4782404   0
2584438   13
1445361   4
4317059   7
175034   9
4051875   9
3317863   16
6816074   19
360512   1
6131301   14
3360727   8
3945667   17
5742250   8
4230531   7
8134574   16
2952237   19
7993634   2
9349299   8
7105438   14
6511680   15
6539999   12
1799385   16
2905886   14
9332061   14
911766   8
6055604   19
5237937   5
8335048   12
4937058   14
8069802   12
161258   17
840778   13
2562259   7
8316345   10
8944228   18
1281   10
7653024   8
8252758   19
7356527   11
2024925   6
1990941   17
4789673   5
3304271   5
4267227   0
9185247   6
3173282   13
7765998   3
206260   10
4871219   17
4610426   7
2283759   1
8759937   19
6679777   13
5797280   19
8000709   13
9086102   14
3777996   20
8063183   15
5353514   6
9997896   10
8467043   16
9173291   14
7582240   1
8948093   0
9668109   3
6738437   11
5959748   6
8613200   10
4852822   1
9944297   9
5278869   8
9670657   16
4681769   4
3897080   17
2100462   17
9531861   8
7911551   19
3451097   11
8908931   16
5814285   13
4913009   17
8144845   1
5556097   15
5979944   14
4859079   19
3334945   14
8801916   2
7785023   5
1801655   18
7827374   8
4256796   9
5854493   10
637340   3
9683187   20
5916037   15
8711444   7
9587458   14
1813817   20
6564670   18
3789608   9
50788   12
1623069   0
1723363   20
3054607   4
695428   8
6205917   17
9715736   8
9497806   17
9146292   5
5894985   7
5327773   2
361963   0
4378272   14
7297378   14
6715479   14
8360880   9
5423311   1
8224611   7
7120475   5
1516807   3
536983   3
337463   17
6662781   2
8059735   16
3323144   7
3410439   6
7863854   6
9931235   3
6483487   16
6500569   20
3715900   0
9942979   18
764985   5
7639613   18
371505   8
1967049   13
9915206   20
5905448   11
8392947   16
1473129   12
8252468   19
2693724   2
2450743   7
2145165   5
7644751   5
5794377   18
121836   15
5444515   2
6732614   17
1848416   16
2350702   6
8283595   0
9887400   18
7139491   5
2929030   18
5280836   11
7583660   4
981433   19
9547374   10
9808994   1
7919211   1
5759013   5
6014250   10
4635681   0
7435352   9
9883227   9
1064614   7
6505131   17
9414965   10
5054949   16
8105089   4
8891302   16
3873393   19
8004924   12
658760   17
5283180   16
9260760   10
5977249   5
6628064   0
991028   10
6177609   0
9538899   12
1863935   13
5309364   17
7922886   15
6430761   1
7712520   20
4154167   4
3525846   18
6624779   2
5871769   4
4270148   16
1018099   13
595596   20
6813114   2
1490942   18
9915252   13
3097744   15
1861624   0
9566629   4
2433288   2
6185359   9
8769661   1
7634167   5
2538695   13
2346575   20
2507355   20
469121   3
4814262   11
369855   16
5812537   4
5349804   1
7575749   10
8903229   18
7408735   19
8703247   0
9240487   20
5291980   15
3518127   12
6065140   6
2968177   5
4034037   14
2397427   12
7294941   19
8178759   11
50367   4
1048524   20
8079614   9
3479152   18
1772148   9
1123406   14
4822302   0
2701423   4
7337104   11
4882532   16
3219495   14
6453656   8
6167703   7
4330175   14
1417912   4
767155   17
6658242   12
3627588   3
718803   9
1771754   19
1889340   14
6428635   9
834113   13
8692007   12
9258983   13
7208513   10
3389485   17
2583056   0
775717   15
3678709   12
7578321   9
8249885   16
1924429   11
86597   16
1888497   8
7117079   9
847522   18
832481   13
7229764   1
251965   14
7578009   5
8007171   19
4841407   0
7857136   10
637731   0
486326   14
8341295   18
1402615   15
7005970   15
9775170   10
9482626   0
4045112   14
7123274   6
9962210   2
657104   5
3260354   20
3635509   18
8518168   5
1764335   13
6746344   9
443531   17
4993827   5
4980955   7
8686633   12
9824025   1
422274   3
9738230   1
1789682   8
3825109   0
2748266   2
8156063   17
142886   8
4595639   19
7359100   0
385396   13
1478797   0
9739366   0
3442303   2
3420649   6
8479374   2
1093555   4
4071109   6
6645872   17
4651336   9
2677055   16
5866864   15
3431096   3
8468940   12
5809974   12
5176401   15
2202988   16
5775402   10
263450   9
4971279   12
297561   6
1014834   19
439207   8
2947287   14
7901891   11
2177208   18
477317   12
2262465   20
7790708   13
8899191   5
2297343   14
3296220   6
3802632   13
4900530   12
8633681   1
7247229   12
9109494   0
744662   3
6759649   7
2894421   2
1261213   12
9523026   19
913860   14
9080192   0
7341525   0
6630006   4
1815719   4
8370714   7
4588435   20
4690252   9
3950944   1
6026012   2
2931165   14
389485   1
3752838   12
2636731   14
894857   20
6998147   6
2693603   4
9810160   9
2376998   6
201752   17
6817269   12
4948575   18
7806074   8
1009087   8
4958601   9
4721803   11
7060340   5
8851139   5
976669   12
2533180   19
9427946   12
185902   8
6764798   13
2875362   8
3080784   12
4672194   14
7430236   14
2380637   17
3811892   4
9728635   16
4825559   12
6676295   6
5523961   15
438939   1
5272081   4
8537680   2
7455515   1
4049757   11
7438921   18
7215780   11
1296024   7
7719970   5
8166438   18
4098711   16
7806979   17
7613416   14
7954863   12
4099510   12
3330795   2
5953516   5
3656154   20
3175824   4
7955061   17
9147455   17
6774684   6
4733352   17
6362053   18
6582175   11
1051946   17
1350228   15
8173230   5
8802557   9
7697283   7
4713879   1
4357433   3
2838612   0
9402910   8
5609094   3
9439841   10
6066779   11
7062491   11
7291991   5
9783304   6
8572916   10
7493532   19
1900483   0
4920021   6
1556013   7
8288588   5
8816396   3
6660704   17
6720985   16
7915924   5
1780783   4
4641931   20
6881059   4
5851898   4
1539464   2
1366754   13
5063391   3
2271241   20
3871215   13
7836303   1
6271375   13
2276049   18
319045   5
8440704   8
5514929   10
1169327   9
2777970   2
231352   1
9092590   15
596590   2
39578   0
621431   17
3862906   7
309617   20
3688983   19
8636186   18
3289164   4
5255354   9
6732318   4
6434198   11
2847898   14
635848   18
3413726   16
4389778   11
3283467   17
3108796   19
8778647   3
129910   13
6615140   3
3773484   13
3964115   13
1910534   11
9643988   7
6014894   6
9064421   0
296398   2
1218542   1
7178769   16
279035   10
1316117   18
7786045   15
300442   15
1967984   1
9503703   18
5070662   1
578302   15
3137752   10
6974317   12
4231719   3
3092512   14
133538   0
8645333   3
7722211   12
540846   18
3981316   13
7720840   9
4695697   20
9186169   9
9519081   18
7997282   9
4624924   17
4333793   3
667790   18
3729940   13
6980318   19
6452030   6
2321890   4
5929812   11
7825152   13
4874971   12
7950550   8
347441   4
8658629   20
7654143   6
3398627   19
7094714   5
6591436   16
3120223   15
8390627   19
3061773   12
5161931   9
6681487   10
1862374   5
8394514   7
3284174   6
769482   5
3343762   16
1036552   5
8472581   8
6194485   4
8140346   0
1685266   8
7540085   3
8445587   17
4782727   7
2562261   2
8400632   16
3738147   7
3267904   19
3044055   0
8756666   1
1413013   13
4731176   9
8230132   5
6170458   14
448164   20
7864355   1
7208042   16
9865392   10
2079534   3
6919877   6
2154234   5
6849791   14
5581448   16
5275989   13
4362595   5
5284340   9
8988083   12
9378611   2
4767408   6
5704964   16
784919   15
5684169   0
871648   9
9493298   4
3522027   12
6675953   2
7355470   7
854406   17
8715099   13
3846870   11
8788076   18
8884953   14
6529008   16
8028889   18
6038047   13
8295744   6
5046108   6
7998882   20
2150595   0
1852182   11
3970974   20
4362650   2
4133832   9
2468196   13
1263987   18
1053741   1
9319136   0
1202780   13
3721259   11
6062746   2
7355612   8
29549   0
6297829   6
9366510   9
3571672   10
1658166   20
6679140   19
9720801   8
307605   9
4845593   11
3606563   1
2188688   14
8422978   2
8468530   4
5908242   10
3414053   0
6402700   4
1352225   2
666904   20
8934203   17
9411848   12
1558288   9
1098134   3
1241546   1
6687555   11
1860423   11
1707782   5
9634197   7
3767178   5
1806154   3
6644059   4
6392421   14
8660140   6
5642160   10
479573   12
1501442   3
7117204   1
4226001   6
6922042   14
4094272   1
963954   13
5402351   4
8522953   20
539632   10
6849995   4
3406409   2
9828566   11
96327   12
7461959   15
4076389   17
7470307   10
225988   4
7859687   1
8576222   1
1548547   19
7039930   15
1068950   6
9173993   20
5977075   17
6042878   9
6700949   10
8750336   6
7228779   6
5843794   8
7360883   18
9149895   15
7645859   4
800542   6
5824870   7
7691972   1
9284792   9
6392109   12
1926125   8
1908699   14
2317505   1
4624236   3
8976824   18
3240612   19
8966725   1
6793386   8
309428   11
256835   13
8987911   1
8235157   16
3787401   18
2760338   13
932335   5
5403968   16
8868156   13
7297874   13
6995452   7
8677174   19
4713276   7
4935668   6
6944097   2
8460131   14
2857703   20
3904603   19
3622597   11
906905   17
2060825   15
273215   16
3445150   5
5158451   2
838370   6
7107633   17
5269378   7
6166225   8
3530978   18
5413267   16
5999124   12
3744573   8
4499576   10
4228162   12
2871120   0
9676533   13
8820314   8
2105086   13
5173204   20
2031041   12
1403230   6
787334   10
5215042   4
1368209   13
3571114   3
8067302   7
1250314   0
5412355   15
9813522   10
41872   15
2295243   14
9839857   3
4803282   10
3912272   14
5182847   9
9317142   18
379509   18
3770000   8
9174250   15
3787156   2
1126683   10
7053371   10
9095784   9
8833697   9
8247914   7
4883786   14
8401369   17
7774460   8
6905928   2
1728690   15
7862138   3
3784136   7
1185842   12
4952451   11
1158561   13
8003106   8
5439361   20
2228120   17
6143057   19
6742047   10
3610899   3
9769391   17
8077627   9
20078   4
7222309   7
7080209   5
7558409   20
1571291   4
1665656   10
1436805   10
8798150   12
5580697   17
9206619   9
1479068   11
2550487   19
8537012   1
6427415   15
5740550   13
3187397   9
1058764   7
6442040   6
4003783   2
9748968   16
2529009   20
6900091   13
3607361   6
5965517   10
4743813   19
7256040   13
1683367   4
3754709   5
4821083   18
6905066   1
8068412   2
8011330   14
2564188   14
7553003   5
3250039   7
8979597   6
3391265   20
7306417   18
7613104   3
8968776   5
8887379   8
6778305   6
4550075   2
5582076   20
3364624   19
6903077   18
2028973   13
5745403   2
2733103   18
5412754   1
1437720   8
8524146   1
1089606   14
8796430   11
3850571   11
2091248   9
7568081   1
1220450   0
4990212   10
147843   1
