285
5282328   6
8231604   5
377533   15
3069678   14
1302364   18
4730617   14
881620   11
323318   3
2191653   3
255509   14
8899185   8
1016903   3
1647915   15
5756493   20
5239684   2
3114225   19
54739   2
7730685   20
8996827   10
6049964   1
5777047   9
6699541   2
723694   6
7001768   12
2453180   4
7493479   5
8474685   16
6395898   12
8820814   3
7036534   6
8003854   13
4959940   0
8099209   0
6633295   3
7674490   20
3517211   17
4736806   7
8342180   1
7752514   17
8504099   7
8392651   3
4628888   18
8939718   11
7508291   20
1009136   9
6110224   6
589962   0
9541089   8
6083152   6
9183109   1
3528192   5
2391904   2
1493544   13
859742   2
9755303   14
522379   10
9008222   0
7467841   10
2972109   6
8552400   12
2926122   1
465700   6
1833131   9
1344489   17
1832948   4
763880   10
4889803   7
4701041   5
7923090   15
9062330   4
3474479   20
2115945   16
3210616   3
1551923   10
5529355   6
7197200   17
5172738   9
5085705   19
9099161   6
5065321   14
9523022   14
3376463   16
8460653   9
3752544   1
8833021   6
8643424   1
6389147   12
3590443   3
1170494   19
4416879   9
240060   0
685108   4
4502215   13
9353353   12
5282235   18
4684652   19
5576748   6
3096377   5
8735418   17
6621897   19
7382489   19
5289613   5
6880230   3
9604625   11
2729614   19
1224008   1
35903   0
6541400   12
4241904   7
8356622   5
5136992   13
2629315   3
1128432   10
2030860   11
189860   2
3453802   1
8850938   14
3391692   17
9439724   20
7295804   2
1476653   9
5344426   8
2191744   6
2601683   18
3335140   4
7308652   8
3318527   11
8929665   8
7228250   0
983435   1
9069197   15
5676322   16
5083637   5
9900568   2
9412760   9
6565400   4
6678341   9
2311377   20
5001657   4
582614   4
1890900   2
219748   19
3983231   10
3198521   14
5944336   5
9993987   15
3183563   12
8225476   7
2876456   16
4545727   3
8948534   9
384004   1
8889583   2
4673571   10
5424896   7
2712624   5
6723928   2
4615421   17
1935988   4
1187101   18
1690762   0
1629833   8
967264   18
2487052   5
1759485   13
7508661   8
9647919   13
7246134   0
6842702   17
1940952   18
4834507   0
5350179   19
7145584   16
7459300   8
9767900   3
8669714   4
1874852   12
251396   15
7760271   8
1323144   1
2785441   20
2887251   11
4375637   16
237503   5
1607998   4
7754573   3
6634943   8
569156   19
9425960   9
5365766   6
8236346   15
6535743   15
4265552   13
252590   10
7046939   3
7892059   2
3780440   5
4778061   4
2937487   13
6000615   19
4770890   4
1292300   4
2162812   13
7665624   3
9761202   12
6825563   3
7941485   5
8301043   4
3956785   14
8523501   5
9688153   15
9456306   20
9374853   18
978013   9
1940227   1
535493   17
82603   9
4185741   10
1251840   1
9230823   6
3289243   8
4891523   14
5033552   14
6889344   3
7698056   14
8643187   14
5540955   19
4493000   6
2639506   16
2978044   8
6587752   13
2763088   11
3471574   20
9633333   14
5819406   9
6359051   18
5029877   5
8317427   16
877331   3
7696713   12
7797252   9
262883   9
4263036   20
1557075   0
2023394   9
58214   14
6285357   5
3064403   16
9534013   15
9450529   19
9421067   6
8474138   2
1991102   7
5049594   11
7245805   15
6022573   20
5267446   3
8094288   5
8571055   16
269937   3
2496671   0
6998835   4
1959634   3
785635   3
4954435   15
9990189   15
655460   4
2246981   17
4112882   1
628502   6
5610391   6
1326932   12
7156484   0
3902926   18
3773621   18
7650222   0
1673946   7
2792321   11
9668377   18
4308573   13
9585014   18
8473651   15
5433077   7
6739279   9
6484453   4
