246
1443268   8
5320985   19
2651176   1
8022948   18
7572939   14
7293796   15
4893418   2
3258265   5
9265047   3
4842505   9
9696348   10
6192824   0
3852112   14
3516735   2
5018458   13
8290618   10
8287327   13
7157488   18
4256626   9
590090   1
1977182   1
3316819   8
4286746   19
90320   2
6531675   17
6894813   20
9440855   20
240842   9
6504193   7
9948860   4
4570376   16
4017878   5
3503242   11
8405273   12
8904970   19
7651130   7
6877768   9
4641103   17
5557832   1
5405831   9
703458   5
9131804   12
1986014   2
4923117   18
6898252   8
6480284   4
3375278   15
7285929   0
7266868   5
5133893   1
9772270   14
7198339   4
6495773   16
3885750   10
5584610   0
3594725   18
1324018   18
4050410   14
3309850   19
9478921   17
6147000   13
637911   18
1485491   20
339754   3
8003192   6
3754716   17
3800206   14
7863148   13
7069436   17
4483996   14
6965305   11
6987529   8
4533719   19
3757043   6
6965186   8
1612649   16
4859638   7
6574063   13
419112   12
861286   13
7578428   6
804793   17
5035933   1
9487381   16
6250154   17
3606547   2
6280526   17
6248161   14
2669807   6
8567703   10
8688932   20
2529602   4
7249292   8
3387126   6
8414735   0
6104333   10
4150786   15
6504109   20
7009639   17
4195420   5
1229483   13
9169105   8
121798   11
591573   17
1200338   9
9483111   20
4845993   6
2245029   1
2989648   13
470659   18
5369902   12
9851547   0
278686   8
4926837   9
4207331   11
2356494   5
7140868   2
3372704   12
1653119   12
7967378   8
7953261   5
8820777   14
7138319   1
6607343   4
6659538   11
4907077   0
7370085   16
2407070   12
8940674   18
440769   1
923195   15
2228636   9
6052099   9
8665520   8
9307020   11
2012588   16
9364383   20
3127275   13
8385918   16
8948096   14
2304337   6
2677092   10
2619082   2
8760606   15
7008862   1
6295907   19
739709   13
135291   10
3944101   9
2870026   20
792151   10
1648645   12
5013565   11
2061453   2
2496405   13
7388115   6
3473010   9
7194931   20
2953647   6
6291474   20
6354533   5
1269581   1
4525005   18
4410150   3
3143487   12
5777076   7
6971388   4
1089396   5
3152078   13
6052905   19
5883057   0
5582631   0
2142673   19
1260840   20
297881   11
9994282   5
973362   2
1070581   5
9400051   10
362198   17
9356072   4
957017   3
8340463   7
2058239   20
8439376   1
9586214   18
3749960   18
191872   7
9573668   2
7952084   17
1106854   11
9848439   4
9825759   14
7961664   10
592346   1
2178223   18
498367   14
1247613   12
1470264   3
9249156   1
1696911   3
3989701   0
3567387   15
43688   5
3598026   15
8484429   10
3207211   16
9328227   16
2183102   0
213325   1
1786549   16
821694   2
9291937   12
43773   4
8484341   13
4608459   8
6660843   15
5485862   5
7689056   7
400654   10
3629479   1
2853659   16
1991804   9
5966299   15
2342288   11
1764428   16
7723360   13
1503004   7
3795653   14
4052051   16
3838138   3
3422225   4
185166   15
5474295   6
1818859   6
386356   2
4525070   3
6490012   3
3103252   17
2325155   0
3525825   3
919627   20
1838147   13
4131482   4
60598   20
4179772   15
