539
290565   6
5022745   11
6511310   20
9662691   5
8553271   19
4034143   18
3160591   7
9236151   11
5433784   13
2556298   15
4233750   9
968834   5
420487   8
2811845   16
7948469   13
6410211   12
3450394   20
4878633   16
6744797   10
9119863   19
5587074   9
985043   19
4463795   12
561243   8
4108550   14
141500   19
8815941   19
9811309   8
3821844   5
5380870   11
8198853   7
1395403   9
4899094   12
328847   17
3471639   20
3900215   6
9659456   14
1850779   15
1081940   13
2244566   18
9865118   7
8993184   8
217866   2
6227088   9
398193   17
4736213   0
1856602   17
4369359   4
2531194   7
225642   0
869740   7
8806613   5
2098563   8
8303562   19
1000743   14
4254321   13
3712856   18
8619315   12
9769835   4
5631235   15
6498722   17
2614554   15
7958300   18
3303194   20
588647   1
2843688   14
5912323   5
1833476   18
6598082   18
5713994   4
7039759   14
4667962   13
5938344   6
8761940   8
1916889   14
2395506   7
9566430   8
184356   20
7602542   1
4019453   8
9654227   9
3923771   0
3688876   7
6711984   16
6130825   8
9356629   2
1085623   13
9336357   0
5007210   3
5481917   7
4710279   19
3588042   7
4376454   1
8685821   12
8158563   9
5885724   11
2739439   2
2418446   0
150405   7
1408916   16
6849455   1
2750237   5
1683376   17
9141813   17
7793050   19
4959760   2
4836348   3
818776   12
7049651   15
2080653   10
103218   14
6335859   0
3584227   7
9690900   5
1280662   6
5506228   9
6597998   5
1919606   14
3326027   17
948375   13
15437   17
2471619   1
8653455   11
4206246   7
3264491   11
712340   8
872588   18
6571104   6
2173145   8
4032950   5
2493403   19
3746714   5
6444714   7
1535666   13
175993   12
9769541   9
5125388   15
1487576   13
6734033   1
1809187   2
7009906   9
922260   10
3150049   1
8120969   6
8392554   4
6389261   1
2149776   6
8676931   19
751742   4
7301794   1
5598372   19
8216464   11
5734573   1
8573715   18
5446835   7
6152576   7
5409118   11
5547690   8
6922619   11
6353020   9
7512093   16
7473739   20
9515720   19
1248042   17
169452   2
5809031   3
4248576   13
3453862   2
4307597   3
3368049   13
4835306   18
9286393   0
4904179   18
243738   2
5517677   10
7980098   2
3215605   19
714834   11
9539569   18
3379786   14
2377603   18
702027   18
4224694   19
4260099   0
9605951   3
2483281   10
2460495   6
6782807   4
4409513   11
1929719   6
8131689   12
1346898   17
58786   3
2279203   16
3871286   3
4329235   2
710674   2
2004617   1
5424121   9
4429652   18
9196463   16
3358536   8
3326541   17
7573004   11
5709772   15
8095624   7
6639975   5
9117076   4
6699212   0
6717736   19
7059416   4
611848   19
7439299   9
2085841   3
9953241   17
187140   11
7055179   13
6807051   0
6932229   4
7741573   19
5326762   1
8075317   13
6518649   6
6946110   0
3716061   8
9937134   14
8585365   4
42362   8
8439227   11
6809757   5
430146   6
9512690   6
5490012   16
9463202   6
9831040   0
5308166   6
4499611   4
4620644   16
1064749   16
4705068   10
5693105   7
8910832   11
8242301   14
2384764   1
2298812   2
8322526   6
2105635   6
5963972   7
5080383   19
6650271   10
3744146   14
9222900   13
6317860   4
4374913   12
4742095   13
8887291   9
6341273   17
4155919   3
8299331   11
3976892   13
6165301   6
1945118   0
2169361   15
7955146   17
6235604   5
134588   7
5402199   7
8850665   13
757117   16
2169375   13
5003270   11
6297147   3
3364763   12
3164302   5
9200178   18
8722497   15
5115065   17
463087   7
2853823   14
5423097   16
1631372   3
4195790   19
9816457   9
406847   18
8657977   15
611591   18
2206660   18
9661325   17
7014910   7
5889192   5
1531715   17
1354916   9
9791865   2
3593034   17
2825727   5
7691928   16
7139228   1
7247417   13
9758302   6
2008804   2
7675394   0
4935630   19
4468633   7
2852781   11
9408489   20
8679872   18
6253736   15
4188574   13
8009168   3
749768   13
7748668   11
6231360   15
6746803   1
9990771   16
696749   19
5574307   7
2540488   15
2701673   20
9732132   4
8172217   3
500092   7
5809546   10
5152948   15
9555885   11
5945443   16
5001915   19
4263898   13
5901092   18
9596832   9
5119103   16
8957899   9
1256354   4
6946034   3
6976033   9
402693   7
3944250   13
1927175   0
7656055   11
5361989   14
698135   3
1927192   20
3030563   15
7978341   13
4167159   0
21538   18
737914   11
781017   2
8361356   14
5512991   7
5272798   5
7333776   10
5014139   5
1515259   8
9874324   9
8900064   16
8260086   8
3496097   5
240724   10
7655115   20
7675043   3
6624004   19
683840   10
442819   3
2790353   6
2855878   11
1760758   6
2920796   5
551875   1
7036459   12
8345100   6
6678958   4
6216079   4
3492496   2
7541646   7
9577981   13
4719927   17
9756601   18
1879232   10
5647677   11
672801   13
277210   15
6220871   6
5218000   4
6743493   9
5876003   15
4999493   8
2118841   7
7443351   19
2954308   7
1548586   17
7948617   11
5991484   0
1080177   4
5669970   3
2332675   4
913562   8
5428767   2
8035683   7
4957020   11
2853440   1
8538674   16
7470843   15
7271082   3
924607   19
2266671   11
8504448   15
9165036   1
181509   3
6178459   3
8454963   2
5827660   18
3019075   18
1859432   16
8905536   19
7679243   16
280369   0
7594607   4
1915011   18
6412111   20
6281668   16
5067132   5
6614134   14
7525536   8
7420754   12
1277054   5
597913   10
3269918   3
2216091   13
7106823   11
3815775   11
9947424   5
8405808   18
9658125   8
2644495   6
7882610   13
1654969   16
4655255   13
3664177   8
1807091   13
3534643   6
196066   4
4274321   13
6693283   10
8206112   1
9220594   1
1147256   9
5882643   6
6995084   2
4822281   9
6761754   9
6835687   14
2070531   11
1081238   18
4427501   16
5022433   14
1787087   18
1269828   9
2973693   7
7631537   14
5649784   14
2221561   3
5649611   17
7040949   18
1046547   10
3829155   20
8713193   13
6021179   13
2601980   8
4103119   7
3812641   5
4531813   5
9694263   8
8606225   14
8986293   15
1322168   10
2030412   12
2985129   13
2158681   2
957895   2
4506713   10
5967187   14
6289200   6
5031111   0
8934665   15
5138520   6
6612160   1
3789681   13
9037359   6
7193898   7
7671613   16
1543908   7
3972867   15
3252556   18
960926   19
3731960   12
5578916   20
6004073   17
2980268   7
9594811   9
7754497   9
7631112   8
1941954   1
6115030   7
9052502   15
7780648   10
2481004   16
2972196   2
1797693   16
1430590   9
9979625   3
2586068   7
7917278   3
6834025   1
3770149   11
4212495   15
5090993   20
7005402   4
1854717   5
3505078   18
7551711   8
372994   15
1353158   15
7711406   19
6052861   2
7552216   15
3188978   7
1141402   18
6813096   1
189537   12
9052749   0
3253021   9
8603247   20
7090678   2
9219838   6
2532200   8
9299036   16
658176   16
518418   2
8659883   16
