512
6652867   16
5925042   4
9037748   9
1270958   4
6757669   15
926000   3
9384248   5
2174650   8
7667158   16
146588   15
6254454   11
4263062   6
9227249   8
1150312   17
9829248   3
3886607   8
68653   8
5856350   17
8005860   5
8143358   16
6086096   2
7164360   7
9234234   19
9225845   1
8020883   9
8160844   11
9875142   7
1477972   20
8157240   1
9353980   18
9670024   3
4434896   3
6617371   5
6825566   4
5913271   5
3634402   9
2347651   8
6588231   20
943933   2
7109020   1
9844512   12
4285830   0
8899385   6
5109578   7
9693404   15
7292475   15
1235489   17
2010159   13
1579812   18
3369866   1
5554985   18
4214831   6
419294   1
556208   1
2042360   1
1981932   9
953948   19
2656290   20
7570561   4
1745082   2
9613240   15
5530036   2
9667521   6
9404082   10
921333   19
8718180   9
9395898   19
9252205   9
316544   12
9979553   5
2063020   5
4040710   1
4777857   12
9880853   16
2169727   15
3898242   17
4398677   7
2800833   14
1159367   20
7477013   6
3550009   20
8724065   13
3635875   2
9123357   14
4669183   18
1594474   18
317971   17
6657329   11
9067598   15
7914384   7
9178862   15
5318495   10
2221145   2
3959591   4
6035536   7
9621913   18
537985   15
3647035   20
9507957   0
3472349   1
3398414   7
683012   15
1662138   5
345600   7
2090093   15
8837277   4
7554527   11
6338641   10
6913507   13
38271   6
9009493   3
201658   19
6660995   11
8171814   5
5482280   15
8548557   11
5216243   19
4149889   20
5866401   16
8866679   17
3320895   5
8897798   17
1215975   7
7672028   12
3761133   0
9446554   20
6303811   2
4918644   15
3016970   18
7632910   17
1976445   18
1767313   11
9166640   9
4319522   11
236076   16
5479833   11
7345594   14
2268398   9
7635893   0
5847704   19
7295642   1
309842   2
444534   14
8636659   9
7675771   12
3390281   11
6534493   19
9394732   9
1167402   5
8328175   13
3209577   16
9391754   14
5519660   3
3013806   4
645799   15
1995766   6
540682   10
4863343   17
2231304   15
409904   3
3214786   12
6635890   14
3711851   0
9454105   18
4560698   4
4471759   12
2213406   9
4696637   20
2795229   19
7057273   16
4081014   0
8268465   12
302046   9
2864504   12
1319885   17
5924665   20
1603694   10
6249508   8
3978397   18
8357020   13
3942529   3
277699   8
757380   1
7980576   5
9725817   8
4255475   3
2475775   18
6889578   1
1730334   17
5797797   13
1640310   5
6446140   6
2804616   13
8955027   18
5878690   16
560273   4
6411549   10
6117533   4
7325183   18
7175448   9
8935498   12
7278062   18
6219775   12
3708387   12
9473332   8
8066171   3
6166831   3
1568964   13
5976029   7
5689766   8
7521895   14
8512467   15
5043462   5
18509   16
7499929   11
7805299   13
2432879   18
7480674   5
1861989   0
932861   13
891691   3
2351605   7
520480   5
3691952   0
5334723   1
9155673   15
2408973   6
3460270   5
3304674   17
2835958   15
8355863   5
8990343   13
8258691   16
4410865   8
6895470   17
2475277   2
9316134   11
8784588   14
2018648   8
4849436   17
3609446   1
333989   3
7006928   17
5303364   13
6045254   0
5095415   16
4226046   6
9231929   11
2960648   4
1591244   3
2265780   12
8075880   18
9376919   18
1920665   8
2792983   19
4376141   4
987624   0
4063319   9
897142   8
2314819   6
1138489   17
8551906   10
2865438   14
5810850   20
1832734   15
1710928   16
2849969   7
788025   15
709518   11
8094564   0
4027949   12
5337959   5
3491106   2
6718209   4
6453053   17
4440983   11
7452235   12
5929118   15
4492745   12
1985589   5
8947611   17
183340   14
3371171   2
1425577   17
4807252   3
3258932   9
1972610   15
9011119   18
5364190   13
8418728   5
4782752   11
2955261   13
5109686   15
3452816   20
673752   9
3400053   20
5390197   14
7238138   0
3778193   12
9752400   12
2458295   20
1428597   1
6818064   7
7893398   15
4038810   0
311250   19
2533793   0
3787252   2
9189228   20
8228843   19
2520943   5
4517563   13
6528453   19
782578   4
4858912   14
8343431   16
7312788   12
1778467   20
5585973   2
3085819   14
6560007   4
5002474   2
9276017   10
9280030   8
646118   10
9295620   1
2131585   7
1342780   11
9659709   2
8667271   5
4253976   12
1294716   17
31954   5
5744951   10
5936469   2
126930   17
5204389   8
5857667   6
5891073   9
4787135   8
6953272   1
3836814   5
4748739   7
811847   6
719176   18
2012282   20
1229163   6
371388   13
9268436   14
5758558   14
3346229   19
9183512   8
4201433   20
9083494   4
9239695   8
7061222   17
3375445   3
6169798   19
3056261   19
1968381   8
9415412   4
4080548   14
8119873   1
6011471   6
7147991   16
5747562   6
7961403   6
4487927   13
2206389   14
3685131   20
5166057   19
219122   12
4131700   1
5983886   17
9771117   20
501618   9
7497190   17
5921716   15
9229316   3
4987918   10
4901954   13
1318048   13
9634364   18
3377041   14
5704796   11
4863998   14
8397595   15
231736   2
9044606   10
9620729   17
957979   16
6346353   19
302424   12
1922477   15
689936   2
1557232   14
6607146   16
8825842   14
4994313   14
7252035   18
663324   15
2519101   8
9350796   17
2567980   11
8660552   15
5578549   15
3614237   17
8466782   8
4386805   14
6188112   19
2094106   10
853640   19
9437279   14
971544   6
4321685   14
2641615   10
6817459   12
5505048   1
9043461   5
5168723   10
8745015   17
391836   18
5843278   5
4140877   10
551490   15
9539784   4
4151234   12
8891591   5
2860031   19
1539906   8
1835952   18
840624   0
6260968   7
6578384   20
3778745   3
1231008   4
7296939   3
4868594   2
4160183   9
5855706   13
7329466   14
5768959   13
9222396   11
6930923   0
2716117   8
2049926   8
1090649   15
56155   16
8110377   4
844501   14
1831900   12
524794   0
9076849   4
8186680   14
9924737   8
6830339   7
8958214   9
9789307   20
933406   18
5846786   8
7379510   8
5265153   7
6615673   13
1327937   13
7615601   4
972112   14
1500894   10
6925109   19
5719521   16
1963709   19
2082991   18
4186859   17
2324338   7
9636021   11
5327537   16
7145779   20
8556965   17
3421034   12
9369137   16
6391839   0
8938932   5
8387354   11
9241116   16
1128686   20
3866173   16
9662031   2
1664079   11
9873057   18
518691   5
1118508   12
6924026   8
4547696   4
1803761   4
565195   3
9651664   16
4346386   20
1929257   8
4688785   8
9592477   15
1166670   2
5967109   14
8151556   11
4016010   5
6446971   0
7943964   3
498389   18
5395517   12
4858872   16
7721979   17
3655889   14
2581856   17
5405024   1
