116
6645814   14
1066431   11
4457633   4
3884753   3
7669920   7
4027391   19
1322033   12
3337995   16
3312273   8
9129639   8
3170742   12
8814021   3
5494562   9
6867013   6
8866283   3
4567227   17
9538225   20
4265307   12
6801674   15
3880956   7
7487616   5
282519   1
3862617   11
7957128   1
1106311   4
1915141   19
8314192   17
2007813   1
878867   2
1957033   12
6678035   14
6811815   4
3246484   10
34107   17
638888   8
861497   14
4664390   7
2367369   0
5752628   19
3449560   12
5328320   11
6766391   19
4941316   1
1761522   16
8686426   3
7412102   14
6286009   5
4726587   8
5851296   1
1313139   19
5768598   14
9543251   5
9998995   17
4479803   19
1984222   17
3545365   9
2391685   0
9387239   6
9492241   13
6781507   11
6862723   8
7065056   20
8969638   2
1778211   2
9403388   12
357540   15
8649888   5
9079282   9
7393454   2
7882849   6
8021803   7
7558969   2
4799142   18
5582732   9
5772387   1
8405879   9
1349207   17
374622   14
211682   8
6023424   17
9787133   19
8844358   4
4746204   3
6530787   1
7157493   5
7531079   4
1946321   14
2812753   6
1952572   6
9118733   8
7526414   11
8150215   9
7677234   16
4274629   5
6428792   19
8028560   13
3842095   14
9011755   10
8798757   0
388359   0
8231197   0
3852208   13
5257146   8
1181982   15
543232   0
8676149   0
2680441   12
7508570   14
9745327   9
507524   17
5173301   0
9965425   3
2646902   8
9105905   3
9784458   3
7523578   4
