738
4587933   0
3623276   20
1474440   3
8934390   12
7228717   7
8531401   14
4247394   13
6818659   20
5889987   20
3309505   14
7078634   11
7042157   8
2875284   2
4986306   6
5213003   7
8055663   11
4693678   19
6382648   18
2661027   6
271417   12
1204068   11
6161847   13
7979290   14
8794076   0
8695368   2
2274423   17
8702138   11
694335   18
3386786   11
6589749   2
4048194   2
5351631   7
7287627   2
5509050   5
7365474   13
8384964   14
3679163   13
9262532   3
9761396   19
482372   4
4828328   4
978902   1
6032161   10
8909130   6
5399324   8
2012493   13
7176597   17
4914996   20
1170036   5
2720950   4
5409770   13
4492011   15
1016950   16
897269   1
2628945   0
5070572   15
4812400   7
8718712   12
8162689   6
2908779   0
8222035   2
9204316   17
1993619   17
8948432   9
2599333   0
2228442   18
2858493   11
3306374   0
9945378   13
4860829   8
1558407   2
8064326   3
6083025   18
9660508   7
6733538   1
8002303   9
1971217   16
6335244   2
9440891   19
4546829   11
430953   6
2591920   10
6008236   2
7958664   6
3344539   0
6961684   17
5566718   18
7230994   8
5220383   9
1796331   1
7858452   12
7025640   3
6727988   10
2714840   14
1740634   0
7912059   6
4999183   5
1265222   0
8352767   7
3729602   13
9825157   7
8211204   2
735558   5
471754   13
936044   5
6453463   7
882300   18
1999522   5
2416099   10
7827855   12
9127454   14
6404344   4
7619115   12
6750641   14
8197649   0
891495   5
4974746   15
9883842   2
5534299   2
4683538   2
9132672   16
8644737   19
6063758   1
1010241   15
2011792   17
5379072   15
2937142   10
3176256   17
184535   0
6181411   17
1709652   0
1545802   16
3984225   1
9567729   20
4855545   18
5262664   12
2051490   8
516053   5
8144717   6
8159596   18
3950241   9
3733956   16
2120952   7
8925886   14
8413324   1
1961246   13
6314826   1
1917197   15
1356717   20
7306231   20
1922922   19
725213   6
686836   2
3175895   9
4064630   5
4477880   7
1744021   8
3464786   14
5050507   11
9572880   19
7634158   16
1545410   17
6045458   1
1294758   4
7440812   20
5752878   18
8989128   17
6936930   17
5708690   4
8647811   9
6553595   1
3712735   8
6842153   16
6482532   5
8403609   13
8978268   1
7384561   8
4613807   12
4997392   8
6696436   10
7216656   19
2938237   3
6650827   6
5637866   19
9935403   0
8512565   12
4826779   16
6811987   19
7058919   18
3150078   3
7466138   14
3460746   9
8573121   7
7155541   19
3698511   10
1957227   2
3795493   19
4717236   20
5013984   12
3716777   13
1130941   11
5322916   13
4171997   2
950986   10
3568504   15
8865781   12
6264884   13
9219389   9
1238147   0
4981205   4
4336625   11
6210888   20
9161760   5
6059623   7
2268457   0
3286171   1
4663394   15
413796   4
5512874   16
7097397   7
6257956   9
6548770   12
4521632   14
8293187   6
4828526   4
9179058   1
6992213   5
3111674   4
6573326   20
365012   17
6915248   0
2257382   15
4742095   11
5786460   13
8026385   7
7180685   5
9756167   12
5053223   19
4908068   16
1198880   5
7792548   14
4135791   2
1945914   13
548494   5
1763295   9
5133695   17
8200414   4
8603387   1
6161189   10
8865003   7
804549   16
9970470   5
3258175   20
6807892   0
8130155   17
22578   7
2123   17
1981873   16
7482360   20
4130190   15
7175499   13
6343145   8
7971048   0
2129760   19
2262639   2
7057929   7
8828293   0
4745547   15
3928769   4
8790371   10
6070033   13
6165961   19
3732931   3
2378504   9
1406599   18
8829609   9
9081145   14
8865773   16
6326888   19
4094345   4
2924338   2
6214973   5
993848   9
7063685   14
3124947   18
6661770   1
1119197   1
8298724   11
1770697   14
6115504   12
210326   11
102545   15
8389840   19
3715216   12
8221939   7
3098995   2
1063206   13
332197   3
6965672   18
3370445   6
2208540   13
871289   8
2351172   7
4728190   16
4418667   0
5780066   16
7268034   19
6805582   10
9788104   13
8466193   3
8943044   17
2600166   4
3357129   18
8022429   2
8419911   7
2642746   12
2941237   19
4116332   0
6893223   20
2422875   13
3610567   8
3516054   5
5554974   1
4952911   9
1389729   0
995321   17
5189597   20
6561507   8
9087050   13
6820892   11
822126   12
6717915   19
174476   1
8756418   10
1260357   2
5662573   14
1819164   17
9196994   1
323876   18
9240179   14
3679760   11
559082   14
5316626   17
3114288   19
2490468   17
5453284   13
5230548   16
3246180   20
3203451   3
7595924   7
4338634   14
2628843   0
6641554   19
5841354   12
7931113   2
8524276   8
6155049   8
6537974   9
8857297   7
4068281   10
1316359   12
6211268   6
1364074   1
5831165   19
1415972   1
8934798   8
8623725   7
3866221   8
9838166   4
1718703   12
8326947   7
8984697   4
4117297   12
2888643   0
5759598   4
7110787   7
6002790   11
3789843   9
5284363   9
7537183   12
5500625   19
3526793   0
6684936   6
1197367   19
3004553   19
4634710   15
5769885   2
3027640   15
2982320   13
2423783   0
1791087   1
6977215   5
5366850   9
30990   15
6828290   0
1372771   4
4078402   4
4490381   1
4334425   20
2484098   20
3232761   6
6984979   8
334460   19
7768994   5
1189416   19
2524328   5
5713550   1
5605342   4
2604066   3
25742   14
6673338   2
7922172   17
7319600   6
2335747   12
2423272   16
658169   5
3495855   12
9632522   16
7690855   19
1293419   10
9092441   6
1918562   2
4293149   11
189905   18
7883109   13
5794416   17
309765   19
1175151   15
4472783   5
320724   18
4866713   17
150487   8
2284214   1
3187024   20
3651140   3
2542835   7
9558861   4
687603   10
2574508   3
8591210   1
1823724   0
3496240   12
2469244   3
5092887   15
9044035   1
7669038   18
3810396   17
9130366   7
7207188   14
5882907   1
3622690   0
8648053   11
8900823   0
9242952   4
6284442   12
5396122   15
1640276   20
7890777   1
4805745   14
6535852   17
5550358   2
7441273   17
6234272   0
352205   3
1708086   9
6372388   16
5668454   18
4293019   6
1369631   6
7698980   4
6513171   8
3044175   4
9826586   14
4000444   16
5120730   20
5941576   11
9588177   15
2469095   10
2219545   20
3129615   7
5304409   4
6147292   16
1570685   18
3600909   18
4231944   0
1140815   15
3218420   7
2239386   12
4444901   7
714414   10
6253127   16
1240939   2
5126831   8
5994507   6
8381475   3
8861532   1
6189893   1
3750396   2
5792486   15
5873463   19
9698691   8
9861330   11
2760710   20
487387   0
3641177   20
531842   16
2734166   7
9417319   7
9848664   13
8007945   20
3942809   9
6968853   12
5388155   20
4671202   20
9228584   2
6947112   17
704564   19
2113183   20
3078461   14
2304859   4
610563   1
6741126   11
2151961   3
992870   3
5917890   9
3708598   9
2154708   0
1278055   11
5824222   12
5763739   13
9876058   7
1947649   8
5035854   17
328978   20
9849756   0
2141743   10
70776   18
3410326   11
8885603   2
5987114   0
2549802   1
5871358   16
2562200   20
693819   8
6261224   0
14357   3
3810358   16
2475714   18
4349362   6
4939861   16
4339680   18
2251492   19
8194309   20
9173221   11
9440844   0
866107   7
8863574   13
4184760   6
7751336   12
2696749   4
516985   19
7067912   9
3520343   15
6682300   10
4458738   4
147521   11
3178301   6
2175288   0
6352912   14
5451730   19
5473346   20
5650721   7
4110924   2
1488941   6
5188843   9
9231258   8
2139219   11
7016009   7
6666806   19
1278485   7
7192035   9
8689576   1
5525704   12
5464437   11
9461850   5
7876832   17
6110016   0
977032   10
2999965   15
5330068   5
8974950   8
7742656   16
2493359   6
540121   11
3399211   8
7000565   19
6345434   19
4753368   3
6138919   0
455024   10
9984923   6
6686436   9
753387   5
7188491   20
6447329   10
8115046   15
4828704   10
3663779   18
5492251   5
8073993   1
1914120   3
2941635   7
5376254   9
3093274   1
7265815   11
2150420   8
8488069   7
1240606   4
1389836   12
9033985   11
9928234   18
2545402   3
9092566   1
8183278   3
9196392   3
464895   2
7526045   1
6678875   20
8682020   1
5377301   13
8724436   2
4007980   15
7811972   20
5423692   6
3464691   10
9829056   14
8475428   15
9781332   19
3859262   7
5632075   0
7891659   19
8029628   6
2072504   19
5700562   18
8000464   19
6214251   13
5937451   15
930215   12
723389   0
7594529   0
5997973   12
9242945   3
6466393   18
8488961   2
2086687   11
8019088   18
3441874   5
3326188   17
7754452   8
6865428   8
4189220   6
5684658   12
6937260   15
9097735   1
3035310   8
2386537   13
5513523   1
9374181   12
1949739   13
2945348   7
8731096   2
11036   0
8720392   2
7075316   3
335702   16
5000617   18
9054663   13
9463315   16
4638395   9
729496   12
6517978   4
4555857   8
1868751   16
6522034   17
2583456   7
7447236   4
6939861   5
9713326   18
4248097   9
6085751   3
3361278   20
3387625   18
4899191   18
607564   18
4237949   2
8158139   7
7925043   7
1678127   9
3195778   20
2079029   17
4578132   18
5840796   7
4246767   9
9722416   3
2280103   0
6835260   6
9983116   5
7928237   15
9358557   12
6000557   10
9951867   15
7741535   12
7406327   6
6131402   1
6725090   12
5196963   9
5113162   8
9907457   12
5240752   20
3245525   2
7416065   19
1258090   12
3230490   18
7463113   16
1333758   19
320634   17
5836305   7
1641172   10
9296537   6
2592381   17
6486630   8
5473984   8
997319   16
4771573   0
8716766   7
8055233   1
9419816   15
5786200   18
