4587932
2574700
1474432
8930294
7228845
8547785
4255586
7867235
4841411
3293121
7080682
7042413
2875280
4986242
5213131
8053615
5217966
6644792
2661091
275513
1202020
6170039
7962906
8794077
8695372
2143351
8700090
956479
3384738
6589745
4048198
5351503
7287631
5509018
7357282
8368580
3670971
9262540
10285684
482388
4828344
978900
6033185
8909066
5399068
2004301
7307669
5963572
1170004
2720934
5417962
4459243
951414
897271
2628944
5103340
4812528
8722808
8162753
2908778
8222039
9335388
1862547
8947920
2599332
2490586
2856445
3306375
9953570
4860573
1558403
8064334
5820881
9660636
6733536
8001791
2036753
6335240
9965179
4548877
430889
2590896
6008232
7958728
3344538
6830612
5304574
7231250
5220895
1796329
7862548
7025632
6729012
2698456
1740635
7911995
4999215
1265223
8352639
3721410
9825029
8211200
735590
463562
936012
6453335
620156
1999490
2415075
7823759
9111070
6404328
7623211
6767025
8197648
891463
4941978
9883846
5534303
4683542
9067136
9169025
6063756
1043009
1880720
5411840
2938166
3307328
184534
6050339
1709653
1480266
3984227
8519153
5117689
5266760
2051234
516085
8144653
7897452
3949729
3799492
2120824
8942270
8413326
1953054
6314824
1949965
308141
8354807
1398634
725149
686832
3176407
4064598
4477752
1744277
3448402
5052555
10097168
7699694
1414338
6045456
1294774
6392236
5490734
9120200
7068002
5708674
8648323
6553593
3712991
6907689
6482500
8395417
8978270
7384305
4617903
4997136
6695412
6692368
2938229
6650763
6162154
9935402
8516661
4761243
7336275
7321063
3150070
7449754
3460234
8572993
6631253
3697487
1957231
3271205
5765812
5018080
3708585
1132989
5314724
4171993
952010
3601272
8869877
6273076
9219901
1238146
4981189
4334577
5162312
9161728
6059751
2268456
3286169
4696162
413812
5578410
7097525
6258468
6552866
4505248
8293123
4828542
9179056
6992245
3111658
7621902
496084
6915249
2290150
4740047
5794652
8026513
7180717
9752071
4528935
4973604
1198848
7776164
4135787
1937722
548526
1762783
5002623
8200398
8603385
6162213
8864875
870085
9970438
2209599
6807893
8261227
22706
133195
2047409
6433784
4162958
7167307
6342889
7971049
2654048
2262635
7058057
8828292
4778315
3928785
8791395
6078225
5641673
3732939
2377992
1144455
8829097
9097529
8800237
6851176
4094361
2924342
6214941
993336
7047301
2862803
6661768
1119199
8300772
1787081
6111408
212374
69777
8914128
3711120
8221811
3098999
1055014
332205
7227816
3370381
2200348
871033
2351300
4793726
4418666
5845602
6743746
6806606
9796296
8466201
9074116
2600182
3619273
8022425
8420039
2638650
2416949
4116333
7941799
2414683
3610311
3516086
5554972
4952399
1389728
864249
6238173
6561763
9078858
6822940
826222
7242203
174478
8755394
1260353
5646189
1688092
9196992
61732
9223795
3681808
575466
5447698
2590000
2359396
5445092
5165012
2197604
3203443
7595796
4355018
2628842
7165842
5845450
7931117
8524020
6154793
6537462
8857169
4069305
1312263
6211204
1364072
5306877
1415974
8934542
8623853
3866477
9838150
1714607
8327075
8984681
4113201
2888642
5759614
7110659
6000742
3790355
5283851
7541279
6024913
3526792
6685000
1721655
2480265
4601942
5769881
3060408
2990512
2423782
1791085
6977183
5367362
63758
6828291
1372787
4078418
4490383
5383001
3532674
3232697
6984723
858748
7768962
1713704
2524296
5713548
5605326
2604074
9358
6673342
8053244
7319664
2339843
2488808
658137
3491759
9698058
8215143
1292395
9092377
1918566
4295197
452049
7891301
5925488
834053
1142383
4472815
58580
4735641
150231
2284212
2138448
3651148
2542707
9558877
686579
2574500
8591208
1823725
3492144
2469236
5060119
9044033
7406894
3679324
9130494
7190804
5882905
3622691
8650101
8900822
9242968
6288538
5428890
591700
7890779
4789361
6404780
5550354
7572345
6234273
352197
1708598
6306852
5406310
4293083
1369695
7698996
6513427
3044191
9810202
3934908
6169306
5939528
9620945
2468071
3268121
3129743
5304393
6081756
1308541
3338765
4231945
1173583
3218292
2243482
4444773
713390
6187591
1240943
5127087
5994571
8381483
8861534
6189895
3750392
5825254
5349175
9698435
9859282
3809286
487386
2592601
597378
2734294
9417447
9856856
6959369
3943321
6964757
4339579
5719778
9228588
6816040
180276
3161759
3062077
2304843
610561
6739078
2151953
992878
5918402
3708086
2154709
1280103
5820126
5755547
9876186
1947905
5166926
1377554
9849757
2140719
332920
3408278
8885607
5987115
2549800
5805822
3610776
694075
6261225
14365
3875894
2213570
4349426
4874325
4601824
2775780
7145733
9171173
9440845
866235
8855382
4184824
7755432
2696765
1041273
7068424
3487575
6681276
4458722
149569
3178365
2175289
6336528
5976018
4424770
5650849
4110920
1489005
5189355
9231002
2141267
7016137
7191094
1278613
7192547
8689578
5521608
5466485
9461882
8007904
6110017
978056
2967197
5330100
8975206
7808192
2493423
538073
3399467
6476277
6869722
4753360
6138918
456048
9984987
6685924
753355
8237067
6448353
8082278
4827680
3401635
5492283
8073995
1914112
2941507
5376766
3093272
7263767
2150676
8487941
1240590
1385740
9031937
9666090
2545394
9092564
8183270
9196384
464891
7526047
7727451
8682022
5385493
8724432
4040748
6763396
5423628
3463667
9812672
8508196
10305620
3859390
5632074
7367371
8029692
1548216
5438418
7476176
6222443
5904683
926119
723388
7594528
6002069
9242953
6728537
8488965
2088735
8281232
3441906
3195116
7754708
6865684
4189284
5680562
6904492
9097733
3035566
2378345
5513521
9378277
1957931
2945476
8731100
11037
8720396
7075324
270166
4738473
9046471
9528851
4637883
733592
6517962
4556113
1934287
6390962
2583328
7447252
6939893
9451182
4247585
6085759
2312702
3649769
5161335
869708
4237945
8158011
7925171
1677615
2147202
1947957
4315988
5840668
4247279
9722424
2280102
6835324
9983148
7895469
9362653
5999533
9919099
7745631
7406263
6131400
6720994
5197475
5112906
9911553
6289328
3245521
7940353
1253994
3492634
7397577
1858046
451706
5836433
1642196
9296601
2461309
6486886
5474240
931783
4771572
8716638
8055235
9387048
6048344
