7473613
3626901
836575
7599161
3789905
6069019
6056083
7352692
9647548
1809333
1948482
186688
9044139
4088619
2921009
8668198
1671728
1206750
6318682
2883038
6551162
9563132
3687279
3935207
5026404
7290150
3908247
3459965
1717150
4619697
9611278
6841812
8703192
2911454
9144141
2866190
8317390
1802530
661273
6086142
7898540
48460
4884918
4839661
73048
8249204
8615654
9851711
3578562
8343002
650497
7652934
1385793
14165
6992079
1537425
4527201
8251511
1004122
5532486
231002
6967008
1449483
286523
392836
3415184
1054562
5792373
249307
766091
7417160
3956786
5369547
8107955
6595270
8791616
65191
9105849
1057883
2968223
5516828
7599601
1492248
7539055
6007591
8217422
682284
4553758
1936782
2971105
1842206
6278529
2438309
1640183
8847801
5951044
411705
3776717
7155546
1980437
8899101
1753610
8794700
6686028
7100356
5668228
253989
486659
1955886
1108381
4077835
1955573
5075567
8065795
671460
1150432
3638386
8361782
6787968
2491863
1936337
866799
4198300
6410686
5031715
3959273
4388774
6264986
3881381
8178618
9876376
2532247
6127636
6854998
5688706
5363519
3384565
3288283
9254162
3442980
857978
4692922
5070274
609266
3935256
72624
8607671
3004798
6635249
6800833
443814
4621148
5023566
9633553
2853966
1679172
2984691
4702297
8374152
4030763
5410957
7276841
1388450
3258303
5083567
8694436
4586226
4803019
7825619
7173759
3526518
1992252
5478623
6358633
493127
5168471
9727544
8900155
3740750
4432206
5890166
4045739
7057690
2747716
4379427
9839438
2472504
3678085
6818055
5541661
4166674
1496731
9274058
7353459
3092816
8710293
1996952
265682
8101803
2182246
5983412
7084610
2273092
2411863
4985493
4169170
7283408
4683010
1710900
4605862
3616507
7548025
4693991
9063794
4358373
8090883
1648336
2788419
2328791
9203753
8625638
6480695
804282
8917464
5884896
1070700
5797140
7375762
3157782
5489921
9798247
1206995
614239
2869371
6903230
8093456
8428604
4115243
7204177
4543841
7775534
4606731
7202933
4974326
7447069
2562210
4470952
6695750
4250593
1999533
6149052
7060596
8783597
2933596
6439353
55221
8720040
1069499
9425537
931268
8123433
9083429
80560
2282436
4466760
4318180
7430107
2021224
6692441
3543376
4361191
1511799
9652475
1067428
2488381
9068953
8377952
345656
8936459
1059991
6983213
2621031
170415
8270915
1205567
4086093
6505443
3015607
3970724
6115690
1352518
6822766
6697966
1625788
4503755
1894187
7006586
2952433
9425607
6434220
5353313
4985249
3030104
859803
2376785
1795653
7379860
7845049
9862737
1645855
6197352
1514871
6834947
8158237
9607185
1213290
7797698
2519778
3620557
3282699
832610
9499232
1556190
6858042
5876970
3675855
2854488
3519379
5111241
2990960
5012887
1618618
4217633
7523399
3215087
3116695
5241368
1667139
4446052
6505846
6715777
5649240
3437286
8357798
9277073
9766148
5091525
3882608
5426120
9533361
316336
9837132
8050926
2019262
7637360
8153410
5641592
2854718
7050105
5083836
5157882
8524359
4376105
1284561
765781
8018854
8760777
4954983
874878
6990702
9700828
2142509
485282
1699900
9969074
9931867
4973127
10241639
5966054
3881753
2095546
7463203
8100305
7140966
1882537
6832050
2294878
2326708
5450391
5747106
5777124
3164847
1512896
6168957
7438243
199598
2658764
8418866
9461192
6582312
9276237
814442
7093727
8195757
8451442
1479701
1594201
56929
8963588
7634811
8520860
8230861
4329984
2505548
7263803
3389234
5685716
4775083
9680184
2058478
5427022
1574645
3817305
804918
4202679
8778085
4236956
1635108
1959986
2490476
6819553
7772945
7275679
3586838
6843783
213432
4705275
5104829
697
893151
4394142
6156519
8258137
157765
4157765
1525175
6045434
3693645
2962218
9667563
3067306
9498976
8997209
8159167
8449575
67733
2018522
7801631
7597260
2022273
7221898
4870975
56961
3070493
5447804
2470314
6118333
5301353
7437822
6514169
7892287
9178274
7317341
4424739
6871996
9227183
2159509
8480934
4900467
2986960
2710981
470758
9198962
5004995
9120799
5055564
1046162
2407546
6654188
2107912
5307983
541611
8055743
7552188
73020
9103114
1926785
4686022
2137987
2831097
8394001
2301642
3320182
2982435
7922545
6229287
