6587331
5925026
9037236
1270974
6790437
926008
9384216
2174906
7732694
179356
6252406
4263126
9226993
1281384
9829256
3886863
68909
5987422
8005828
8208894
6086100
7164232
8709946
9225847
8020371
8162892
9875014
429396
8157242
9091836
9670016
4434904
6617403
6825550
5913239
3634914
2347907
7636807
943929
7109022
9840416
4285831
8899449
5109706
9660636
7325243
1104417
2001967
1841956
3369864
5292841
4214895
419292
556210
2042362
1982444
429660
3704866
7570577
1745086
9580472
5530032
9667457
9403058
397045
8717668
8871610
9252717
312448
9979521
2062988
4040708
4781953
9946389
2202495
3767170
4398805
2817217
110791
7477077
2501433
8732257
3635879
9139741
4407039
1856618
449043
6659377
9100366
7914256
9211630
5317471
2221149
3959607
6035664
9884057
570753
2598459
9507956
3472351
3398542
715780
1662106
345728
2057325
8837261
7556575
6339665
6905315
38207
9009501
725946
6663043
8171782
5449512
8550605
4691955
3101313
5800865
8735607
3320863
8766726
1215847
7667932
3761132
8397978
6303815
4951412
2754826
7763982
1714301
1769361
9166128
4317474
170540
5477785
7361978
2268910
7635892
5323416
7295640
309846
428150
8637171
7671675
3388233
7058781
9394220
1167370
8336367
3275113
9375370
5519652
3013822
613031
1995702
541706
4732271
2264072
409912
3218882
6619506
3711850
9716249
4560682
4467663
2212894
5745213
2270941
6991737
4081015
8272561
301534
2860408
1450957
4876089
1604718
6249764
3716253
8365212
3942537
277955
757382
7980544
9725561
4255483
2213631
6889576
1599262
5789605
1640278
6446204
2812808
9217171
5813154
560257
6410525
6117517
7063039
7175960
8931402
7015918
6223871
3704291
9473076
8066163
6166823
1560772
5975901
5689510
7505511
8479699
5043494
84045
7501977
7813491
2170735
7480642
1861988
924669
891683
2351477
520448
3691953
5334721
9122905
2409037
3460238
3173602
2868726
8355895
8982151
8324227
4410609
7026542
2475273
9318182
8800972
2018392
4980508
3609444
333997
6875856
5295172
6045255
5029879
4225982
9229881
2960664
1591236
2261684
8338024
9114775
1920921
2268695
4376157
987625
4063831
897398
2314755
1269561
8550882
2881822
4762274
1799966
1776464
2849841
820793
711566
8094565
4023853
5337927
3491110
6718225
6321981
4443031
7448139
5961886
4496841
1985557
9078683
166956
3371175
1556649
4807260
3258420
2005378
9273263
5372382
8418696
4780704
2963453
5076918
2404240
673240
2351477
5406581
7238139
3782289
9756496
3506871
1428599
6818192
7926166
4038811
835538
2533792
3787248
10237804
7704555
2520911
4509371
7052741
782562
4875296
8277895
7308692
729891
5585969
3102203
6560023
5002478
9277041
9280286
647142
9295622
2131457
1340732
9659705
8667303
4258072
1163644
31986
5745975
5936465
258002
5204133
5857731
5891585
4786879
6953274
3836846
4748611
811783
981320
963706
1229099
363196
9252052
5742174
3870517
9183256
5250009
9083510
9239951
6930150
3375453
5645510
2531973
1968637
9415396
4064164
8119875
6011407
7082455
5747498
7961467
4479735
2222773
2636555
4641769
215026
4131702
5852814
8722541
501106
7366118
5954484
9229324
4986894
4910146
1326240
9896508
3393425
5702748
4880382
8430363
231740
9045630
9489657
1023515
6870641
298328
1955245
689940
1540848
6672682
8842226
5010697
6989891
696092
2519357
9219724
2565932
8693320
5611317
3483165
8466526
4370421
5663824
2093082
329352
9453663
971608
4305301
2640591
6821555
5505050
9043493
5167699
8876087
129692
5843310
4139853
584258
9539800
4147138
8891623
2335743
1539650
1573808
840625
6260840
7626960
3778737
1231024
7296931
4868598
4159671
5863898
7313082
5777151
9220348
6930922
2715861
2049670
1057881
121691
8110393
828117
1827804
524795
9076833
8170296
9924993
6830467
8958726
8740731
671262
5846530
7379766
5265281
6607481
1336129
7615585
955728
1499870
6400821
5653985
1439421
1820847
4055787
2324466
9633973
5262001
8194355
8425893
3416938
9434673
6391838
8938900
8385306
9175580
80110
3931709
9662027
1666127
9610913
518659
1114412
6924282
4547680
1803745
565187
9586128
5394962
1929513
4688529
9625245
1166666
5983493
8153604
4016042
6446970
7943956
236245
5391421
4924408
7853051
3639505
2450784
5405026
