1443012
5845273
2651178
8285092
7589323
7326564
4893422
3258297
9265055
4843017
9695324
6192825
3835728
3516731
5026650
8291642
8279135
6895344
4256114
590088
1977180
3317075
4811034
90324
6400603
7943389
8392279
241354
6504321
9948844
4504840
4017910
3505290
8409369
9429258
7651258
6877256
4510031
5557834
5406343
703426
9127708
1986010
5185261
6898508
6480268
3342510
7285928
7266836
5133895
9788654
7198355
6430237
3886774
5584611
3332581
1061874
4034026
3834138
9609993
6155192
900055
436915
339746
8003128
3885788
3783822
7854956
6938364
4467612
6963257
6987273
5058007
3756979
6964930
1678185
4859510
6582255
423208
853094
7578492
935865
5035935
9552917
6119082
3606551
6149454
6231777
2669743
8568727
9737508
2529618
7249036
3387062
8414734
6103309
4183554
7552685
6878567
4195452
1237675
9169361
119750
722645
1200850
8434535
4846057
2245031
2997840
208515
5365806
9851546
278942
4927349
4209379
2356526
7140864
3368608
1649023
7967634
7953229
8837161
7138317
6607359
6657490
4907076
7435621
2402974
9202818
440771
955963
2229148
6052611
8665264
9309068
2078124
10412959
3119083
8320382
8964480
2304273
2678116
2619086
8727838
7008860
6820195
747901
136315
3943589
3918602
791127
1652741
5015613
2061449
2504597
7388051
3472498
8243507
2953711
7340050
6354501
1269583
4262861
4410158
3139391
5776948
6971372
1089364
3160270
5528617
5883056
5582630
2666961
212264
295833
9994250
973366
1070549
9399027
493270
9356088
957009
8340335
1009663
8439378
9848358
4012104
191744
9573664
8083156
1108902
9848423
9809375
7960640
592344
2440367
514751
1251709
1470256
9249158
1696903
3989700
3600155
43656
3565258
8483405
3272747
9393763
2183103
213327
1721013
821690
9296033
43757
8476149
4608203
6628075
5485830
7689184
399630
3629477
2788123
1992316
5999067
2340240
1829964
7731552
1503132
3779269
3986515
3838130
3422209
152398
5474231
1818795
386352
4525062
6490004
2972180
2325154
3525833
1968203
1846339
4131466
1109174
4147004
