5282392
8231572
344765
3053294
1564508
4747001
883668
323326
2191661
239125
8899441
1016911
1680683
4707917
5239680
2589937
54743
6682109
8995803
6049966
5776535
6699537
723630
6997672
2453164
7493447
8409149
6391802
8820806
7036470
7995662
4959941
8099208
6633287
6625914
3648283
4736934
8342182
7621442
8504227
8392643
4366744
8937670
6459715
1009648
6110288
589963
9540833
6083088
9183111
3528224
2391908
1501736
859738
9738919
523403
9008223
7468865
2972045
8548304
2926120
465764
1833643
1475561
1832932
762856
4889675
4701009
7890322
9062314
2425903
2181481
3210608
1550899
5529419
7328272
5172226
4561417
9099225
5048937
9506638
3310927
8461165
3752546
8832957
8643426
6385051
3590435
1694782
4417391
240061
685092
4494023
9349257
5544379
5208940
5576812
3096345
8866490
7146185
7906777
5289645
6880238
9602577
2205326
1224010
35902
6537304
4241776
8356654
5128800
2629323
1127408
2028812
189856
3453800
8867322
3260620
8391148
7295800
1477165
5344682
2191808
2339539
3335156
7308396
3320575
8929409
7228251
983433
9101965
5741858
5083605
9900572
9413272
6565384
6677829
3359953
5001641
582598
1890896
744036
3982207
3182137
5944368
10026755
3179467
8225348
2810920
4545719
8948022
384006
8889579
4674595
5425024
2712592
6723932
4484349
1935972
1449245
1690763
1630089
705120
2487084
1767677
7508917
9639727
7246135
6973774
1678808
4834506
5874467
7080048
7459044
9767892
8669698
1870756
218628
7760015
1323146
3834017
2885203
4441173
237471
1607982
7754565
6634687
44868
9426472
5365830
8203578
6502975
4273744
253614
7046931
7892063
3780472
4778077
2945679
5476327
4770906
1292316
2171004
7665616
9757106
6825555
7941453
8301027
3940401
8523469
9655385
8407730
9112709
978525
1940225
666565
82091
4184717
1251842
9230759
3289499
4907907
5017168
6889352
7681672
8626803
6065243
4492936
2705042
2978300
6595944
2761040
2422998
9616949
5819918
6621195
5029845
8382963
877339
7692617
7796740
262371
5311612
1557074
2022882
41830
6285325
3129939
9566781
9974817
9421131
8474142
1990974
5047546
7213037
4973997
5267454
8094320
8636591
269945
2496670
6998819
1959642
785643
4921667
10022957
655476
2115909
4112880
628566
5610455
1322836
7156485
4165070
4035765
7650223
1673818
2790273
9930521
4300381
9847158
8506419
5432949
6739791
6484469
