7774227
9668835
5807936
8196360
327430
2840518
7326600
9885987
2434726
9033215
3838117
15891
1670220
6089511
6115374
2999525
7211105
8812448
9833243
8828804
4255124
3976101
9851255
9509048
5750234
9386194
6513714
1968643
5954707
3794471
3810154
6996959
538913
1185504
1701494
6745281
7098286
4174450
4105188
2746831
3536667
1470103
868945
4918421
322205
6598118
8909266
6521209
7498171
1503179
1261603
9759257
1888274
2292950
515859
9426682
9916447
1194106
1592987
672046
9641852
6254415
1433171
26409
3133599
2495873
2675891
5190076
7473743
4782405
2576246
1445345
4316931
174522
4051363
3383399
6291786
360514
6147685
3360471
4076739
5742506
4230403
8200110
2427949
7993638
9349555
7089054
6544448
6544095
1733849
2889502
9315677
911510
5531316
5237905
8339144
4920674
8073898
30186
848970
2562131
8315321
9206372
257
7653280
7728470
7358575
2024861
1859869
4789641
3304303
4267226
9185183
3165090
7765990
205236
4740147
4610554
2283757
9284225
6671585
5272992
8008901
9102486
2729420
8095951
5353578
9996872
8401507
9156907
7582242
8948092
9668101
6740485
5959684
8612176
4852820
9944809
5279125
9605121
4681785
3766008
2231534
9531605
7387263
3449049
8843395
5806093
4781937
8144847
5523329
5996328
4334791
3318561
8801912
7784991
2063799
7827118
4257308
5853469
637332
8634611
5948805
8711572
9571074
765241
6302526
3789096
54884
1623068
674787
3054623
695684
6074845
9715992
9628878
9146260
5895113
5327769
361962
4361888
7280994
6699095
8360368
5423309
8224739
7120507
1516815
536991
468535
6662777
8125271
3323272
3410503
7863918
9931243
6549023
7549145
3715901
9680835
764953
7377469
371249
1975241
8866630
5903400
8458483
1469033
7728180
2693720
2450871
2145197
7644783
6056521
89068
5444519
6601542
1913952
2350638
8283594
9625256
7139459
2666886
5282884
7583676
457145
9546350
9808992
7919209
5758981
6013226
4635680
7435864
9882715
1064486
6374059
9415989
4989413
8105105
8825766
3349105
8009020
527688
5348716
9259736
5977217
6628065
990004
6177608
9542995
1855743
5440436
7890118
6430763
6663944
4154151
3263702
6624783
5871753
4204612
1026291
1644172
6813118
1228798
9923444
3130512
1861625
9566645
2433292
6185871
8769663
7634135
2530503
3395151
3555931
469129
4816310
304319
5812521
5349806
7576773
8641085
7933023
8703246
10289063
5259212
3522223
6065076
2968145
4050421
2393331
6770653
8176711
50351
2097100
8080126
3217008
1771636
1139790
4822303
2701439
7339152
4948068
3235879
6453400
6167575
4346559
1417896
636083
6654146
3627596
718291
1247466
1872956
6428123
825921
8696103
9267175
7207489
3258413
2583057
742949
3682805
7577809
8184349
1922381
21061
1888753
7117591
585378
824289
7229766
235581
7578041
7482883
4841406
7858160
637730
469942
8079151
1435383
6973202
9776194
9482627
4061496
7123210
9962214
657136
2211778
3373365
8518200
1756143
6746856
312459
4993795
4980827
8690729
9824027
422282
9738228
1789938
3825108
2748270
8287135
143142
5119927
7359101
377204
1478796
9739367
3442299
3420585
8479370
1093539
4071045
6776944
4651848
2742591
5834096
3431088
8464844
5814070
5143633
2137452
5776426
263962
4967183
297497
490546
438951
2930903
7903939
2439352
481413
3311041
7782516
8899159
2313727
3296156
3810824
4904626
8633683
7243133
9109495
744670
6759521
2894417
1257117
10047314
897476
9080193
7341524
6629990
1815735
8370842
5637011
4690764
3950946
6026008
2947549
389487
3756934
2653115
1943433
6998211
2693619
9810672
2377062
70680
6821365
5210719
7806330
1008831
4959113
4719755
7060308
8851171
980765
3057468
9423850
186158
6756606
2875106
3084880
4655810
7413852
2511709
3811876
9794171
4829655
6676231
5556729
438937
5272065
8537684
7455513
4047709
7701065
7213732
1295896
7719938
7904294
4164247
7675907
7629800
7958959
4103606
3330799
5953484
2607578
3175808
8086133
9016383
6774748
4864424
6624197
6580127
1183018
1317460
8173198
8803069
7697155
4713877
4357425
2838613
9403166
5609102
9440865
6068827
7064539
7292023
9783368
8571892
8017820
1900482
4919957
1556141
8288620
8816388
6791776
6786521
7915956
1780799
5690507
6881075
5851882
1539468
1374946
5063383
3319817
3879407
7836301
6263183
2538193
319077
8440448
5513905
1168815
2777974
231354
9059822
596586
39579
752503
3863034
1358193
3164695
8898330
3289180
5255866
6732302
6432150
2831514
897992
3479262
4387730
3152395
2584508
8778655
121718
6615148
3781676
3955923
1912582
9643860
6014958
9064420
296394
1218540
7113233
280059
1053973
7753277
267674
1967986
9765847
5070660
545534
3138776
6978413
4231727
3108896
133539
8645341
7718115
802990
3989508
7720328
5744273
9185657
9781225
7996770
4493852
4333801
929934
3721748
6456030
6452094
2321906
5927764
7816960
4879067
7950806
347425
9707205
7654079
3922915
7094682
6656972
3087455
8914915
3057677
5161419
6682511
1862342
8394642
3284110
769514
3278226
1036584
8472837
6194469
8140347
1685010
7540093
8576659
4782599
2562257
8466168
3738275
3792192
3044054
8756664
1421205
4731688
8230100
6186842
1496740
7864353
7142506
9866416
2079526
6919813
2154202
6866175
5515912
5284181
4362563
5284852
8992179
9378615
4767472
5639428
752151
5684168
872160
9493282
3517931
6675957
7355598
985478
8706907
3848918
8525932
8901337
6463472
8291033
6029855
8295680
5046044
6950306
2150594
1854230
2922398
4362654
4133320
2460004
1526131
1053743
9319137
1210972
3719211
6062750
7355868
29548
6297765
9365998
3570648
609590
7203428
9720545
308117
4847641
3606561
2172304
8422982
8468514
5907218
3414052
6402716
1352229
1715480
9065275
9407752
1557776
1098142
1241544
6685507
1862471
1707814
9634069
3767210
1806146
6644043
6408805
8660204
5641136
475477
1501450
7117206
4225937
6938426
4094274
955762
5402367
9571529
540656
6850011
3406413
9826518
92231
7429191
3945317
7469283
226004
7859685
8576220
2072835
7072698
1069014
10222569
5846003
6043390
6699925
8750400
7228715
5843538
7623027
9117127
7645875
800606
5824998
7691974
9285304
6396205
1925869
1925083
2317507
4624228
9238968
3764900
8966727
6793642
307380
248643
8987909
8169621
4049545
2768530
932303
5469504
8876348
7306066
6995324
9201462
4713404
4935604
6944101
8476515
3906279
3380315
3624645
1037977
2093593
338751
3445182
5158455
838306
7238705
5269250
6166481
3268834
5478803
6003220
3744317
4500600
4232258
2871121
9668341
8820570
2113278
6221780
2026945
1403166
788358
5215058
1360017
3571106
8067174
1250315
5379587
9812498
9104
2311627
9839865
4804306
3928656
5183359
9054998
117365
3770256
9141482
3787152
1127707
7054395
9095272
8833185
8248042
4900170
8532441
7774716
6905932
1761458
7862130
3784008
1181746
4954499
1150369
8003362
4390785
2359192
5618769
6743071
3610907
9900463
8078139
20094
7222437
7080241
6509833
1571275
1666680
1435781
8794054
5711769
9206107
1481116
3074775
8537014
6460183
5748742
3186885
1058636
6442104
4003779
9814504
3577585
6908283
3607297
5964493
4219525
7247848
1683383
3754741
5083227
6905064
8068408
8027714
2580572
7552971
3250167
8979661
2342689
7044273
7613112
8968808
8887635
6778241
4550079
4533500
3888912
7165221
2020781
5745407
2995247
5412752
1437976
8524144
1105990
8794382
3852619
2091760
7568083
1220451
4989188
147841
