7415887
2804132
8015796
1707501
8138010
3058088
8215558
4350966
87512
9599468
3062647
2625942
2773971
7257976
8054450
8899202
9500668
3401164
1293655
8147444
7836772
774561
5126275
1288432
1117728
8118332
3608412
6474914
1118852
1577840
7767660
5486439
9422185
2426444
3935438
7237688
5053472
9413148
2158811
6199270
2269348
2672461
1406694
6793285
9581575
5781597
2458485
8578292
2284136
3701064
1240673
9714463
6566169
5549958
5795210
2494662
7041741
477107
5284797
7552324
9724685
9083057
5588556
8111144
9283308
2916859
539928
1784168
6444654
7282
9480186
554641
5486932
2843033
9375841
8926183
4426330
4718543
4065597
9121020
5353955
4023062
7275769
4490674
5583465
4334686
4160895
7182623
1331919
6897771
5428005
3680367
1898089
554554
9903426
5727749
2532879
503441
1261938
3387233
5872571
7021393
6676558
3088291
5438170
3956108
4480906
8619613
7328444
5721134
3066630
2113792
6951132
29414
8672580
4399897
1752649
3461562
8764101
3155608
5054865
4068770
6973637
7334525
3625915
2051111
9178994
4588167
5817998
140695
6747428
3878182
4478024
5325543
2761172
7617770
2767983
5112802
5541830
6805334
6479500
9251128
1543096
9668025
4340633
4312200
5326945
5879469
7519085
2662047
693200
10097063
8016434
9760075
3898114
6937250
3790884
5314509
2690652
5797630
5320656
321572
8779305
3532627
605090
5838052
6135915
5057832
3065083
1385321
9310053
4711969
6324478
2067871
1900385
8632379
6039079
59953
9414771
5878762
9595485
3779611
6384083
9802169
9126798
4114203
4895025
321891
9084325
5467420
2997252
1044715
9281050
3687520
3632377
5996517
8365732
7974566
3442622
7732667
7554763
3531559
8868483
3258292
9062883
4779427
2258618
6903398
3377683
3701085
9306890
269
2536899
4172528
6060287
9359422
7252322
1253109
5632865
2761847
8252316
6890716
5216618
2545702
6680945
3819481
159017
5764690
1931414
1845035
8335370
1721795
7184383
3343460
2432178
1814676
5559269
5949382
4763817
6299604
6103979
5189858
4143617
6741126
977742
426377
6466463
796292
5131944
4859734
2067129
3871722
5346519
6295604
6482263
1034291
255134
4714161
2064436
8968682
7815042
2082177
6210132
2065892
5724600
1644870
2328526
7702055
5230719
432376
2135200
7879106
9960785
4726064
4983894
2736929
3847625
7291865
9245239
4401958
3500847
152256
359241
2669543
7530496
3893421
5728367
7635674
2952575
5339722
2565167
730381
9873809
5730018
2898590
4709420
3934740
7307874
2381882
2942643
3974365
4975191
9729503
4363384
1173115
99331
905416
4878926
1870685
1207679
1138725
5971384
2746607
5839450
4591704
6858955
5402019
4263142
2729660
6733420
8482725
2063455
4444528
7420113
6904670
946238
3802061
5573557
6018892
5076591
431357
1548824
9827528
4814712
865013
2453702
3467015
2610855
3039246
3289253
1305591
4080221
3596725
7629365
9458250
60234
3184884
8747096
5720969
4666158
4499553
7396168
5046747
7097459
4721505
6427011
5523631
9658885
6272553
4399146
6656185
994307
8370004
8556009
7346432
9794425
2381357
5875132
8609855
744062
532841
8320972
4300477
8720634
306582
8267475
3856115
9468049
8928665
176571
7090266
3831329
8507353
9216695
1222771
1532740
8726901
3660341
8070318
4802917
4637734
2855972
815504
786603
3944777
5931755
4271166
5247719
1904428
4125704
8112186
1676036
7948560
1107509
2338855
7528396
966746
1628995
6372389
6979361
9126457
7464158
4208319
499845
1766782
2383168
3377950
3939603
1852276
3501691
6434664
9722706
6095212
4836097
4306276
2837279
81350
2176239
4970398
7637210
621514
7735419
1728327
7074911
1815426
3155952
8398501
8372425
9376628
5255750
7522092
8947230
9051978
7114306
5321031
4808017
5330172
9745585
3548563
7488055
8279569
1963907
7376742
2045108
3305131
8110923
6249349
5567598
6652686
1656447
6335252
4444062
9421964
6977937
8352647
8323088
5494063
473525
7778663
9745333
9914028
6156267
7686103
8421562
8425191
7779132
6534659
9682801
2669091
8520217
6832898
5166306
2141535
7393370
528434
5152818
2184458
2434908
4310991
156654
4941986
7862262
739259
5819935
7427753
2492025
2814183
7996257
7052928
4633085
873845
5623061
7672787
1695595
6771101
6362213
6597225
4058007
8000706
8015647
6513188
9580631
8789666
8402800
1348725
3615191
5819424
2735173
8681887
7078779
573072
5845529
9372946
6268940
9706715
1758454
8097650
515886
7616399
8500685
7337510
1205147
2351048
1106928
5116864
773384
4148071
9474634
4345638
7038000
6536893
1763059
5281190
7713650
219364
443248
9210346
8496498
2723389
8308905
7306415
4521029
3809797
6821755
3496766
5170948
5302063
9332271
2451984
2630787
4696912
8217638
9808686
5838970
7210833
3449015
3260841
1160118
8617080
6960935
8051035
1040717
1329835
6846093
9891619
9830268
8274044
6067358
1626763
7944609
5323181
1334177
5752124
74407
3004856
8688049
10078429
7114515
9199506
4565400
7055597
4403201
7313121
6496655
511493
316697
4841856
4140060
6044829
4506746
9539415
2857825
9457620
5996420
1276941
3313317
4642621
148474
4279010
287965
511862
3295131
2724176
2598394
900692
5306205
167113
495628
910270
4528653
9714169
2538055
3708381
7145652
9423439
9902178
3268718
626989
9790604
1799997
9810727
1760830
9378610
6529217
8608061
4465399
2200861
7580281
2394755
1735025
1110466
6774681
3913926
7143502
3848717
7057344
528663
3029514
1677698
7176891
8874297
6641175
7567415
936850
5935964
5674605
71033
6412478
6478478
9220768
9947627
4483547
8219303
7395178
2255278
4396160
2023724
1154250
2639028
1169925
3454005
7776800
6238376
8334921
6336932
2860337
9384191
2694986
2359166
2376121
8292501
5340664
7203080
2357503
889938
3792691
7883203
3786216
559731
796730
9698391
7253839
5776502
724040
7248386
8163814
8426778
8785411
967330
5821992
4415850
8775529
6138551
138287
2235868
4699380
1746354
425519
2306662
7340973
3783254
8180516
6510314
7960374
2996175
2239283
3960633
3849735
6190058
7513746
399957
7257677
4417829
1396019
1263183
5847208
3333840
369707
7660119
3909980
6102930
8918339
5388991
4606821
9993157
2696769
1851864
3916602
2347499
4064584
379643
4531836
8332492
1533266
5770377
9959323
2906123
2459748
1358572
6284823
6307368
4911026
5661326
8943021
9837498
1182281
5944932
7349760
3083837
280274
5490641
1664347
5848863
6096209
5733475
581325
1121573
3312461
386842
8494209
5616741
8724733
1583126
3283633
5674008
8892679
8810120
2374651
8792407
7599938
9011838
8328884
8095066
3752411
8859510
8430639
8285652
6790364
3501111
1306190
6803568
2668630
8304529
2369357
1541360
763370
2734634
8301574
4318119
669584
9494224
891921
1716610
2813669
6458769
476937
6716651
2939094
2046025
7345555
7060988
1106166
1210932
5177427
694501
5407190
4085316
7431838
5444493
8865802
1073303
3676058
5276286
9735570
3209588
4797064
387370
3029265
67185
4038004
9288546
5956806
9984657
4082648
6792699
6428830
3253761
3637543
5276809
2177946
7279590
924026
7762605
7420430
6936928
5426917
3018415
6396062
5975814
9835017
6615675
7083669
4691978
412046
8223338
9525853
3409058
1644090
2243266
1983413
4159280
9782101
3765850
2146056
4115547
6872539
3881238
3714353
4003162
2952198
7942938
7069890
5758906
2317237
158611
2236941
1951900
5067794
3181781
8898339
7331364
7350980
6900540
5248871
1783624
1164096
3775984
3875902
3380291
4229293
2275864
2485357
1185720
889257
9416919
6707370
9809056
8906521
1460143
6841222
2923470
2084073
958469
3746788
7951213
516537
6414391
7248038
9153272
9916091
7261095
7326794
2521138
4333221
803058
8508590
6410030
3596049
4082213
318204
2227456
5666259
6599553
5897679
4950527
3076844
9542422
5863122
