290629
5024793
7559886
9662659
9077559
3771999
3160719
9234103
5425592
2589066
4233238
968866
420743
2877381
7956661
6414307
2401818
4944169
6745821
8595575
5587586
460755
4459699
561499
4124934
665788
9340229
9811053
3821876
5378822
8198725
1394891
4903190
459919
2423063
3900279
9643072
1883547
1090132
2506710
9864990
8992928
217870
6227600
267121
4736212
1987674
4369375
2531322
225643
869868
8806645
2098307
7779274
984359
4246129
3975000
8623411
9769851
5598467
6367650
2581786
8220444
2254618
588645
2827304
5912355
2095620
6335938
5714010
7023375
4659770
5938408
8762196
1933273
2395634
9566686
1232932
7602540
4019709
9653715
3923770
3688748
6777520
6131081
9356625
1093815
9336356
5007202
5481789
5234567
3587914
4376452
8689917
8159075
5883676
2739435
2418447
150277
1343380
6849453
2750269
1814448
9010741
8317338
4959764
4836340
814680
7016883
2079629
119602
6335858
3584099
9690932
1280726
5506740
6597966
1903222
3194955
940183
146509
2471617
8651407
4206118
3262443
712596
610444
6571040
2173401
4032918
3017691
3746746
6444586
1527474
180089
9769029
5158156
1479384
6734035
1809191
7009394
923284
3150051
8121033
8392570
6389263
2149840
9201219
751726
7301792
6122660
8214416
5734575
8835859
5446707
6152448
5407070
5547946
6924667
6353532
7577629
6425163
10040008
1116970
169448
5809039
4256768
3453858
4307589
3359857
5097450
9286392
5166323
243742
5518701
7980102
3739893
712786
9801713
3396170
2115459
964171
4748982
4260098
9605943
2482257
2460431
6782791
4407465
1929655
8127593
1477970
58794
2344739
3871294
4329239
710678
2004619
5423609
4691796
9261999
3358280
3195469
7570956
5742540
8095496
6639943
9117060
6699213
7242024
7059400
87560
7438787
2085849
9822169
185092
7046987
6807050
6932245
8265861
5326760
8067125
6518585
6946111
3715805
9953518
8585349
42106
8441275
6809789
430082
9512626
5424476
9463266
9831041
5308230
4499595
4686180
1130285
4706092
5692977
8912880
8225917
2384766
2298808
8322462
2105699
5963844
4556095
6651295
3760530
9214708
6317876
4379009
4750287
8886779
6472345
4155911
8301379
3968700
6165365
1945119
2202129
8086218
6235636
134460
5402327
8858857
691581
2177567
5001222
6297139
3360667
3164334
8938034
8755265
4983993
462959
2870207
5488633
1631364
4720078
9816969
144703
8690745
873735
2468804
9530253
7014782
5889160
1400643
1355428
9791869
3461962
2825695
7626392
7139230
7255609
9758238
2008800
7675395
4411342
4468505
2854829
10457065
8417728
6286504
4180382
8009176
741576
7746620
6264128
6746801
10056307
172461
5574179
2507720
3750249
9732148
8172209
500220
5808522
5120180
9553837
6010979
4477627
4272090
6163236
9596320
5184639
8957387
1256370
6946042
6975521
402821
3936058
1927174
7658103
5345605
698143
878616
3063331
7970149
4167158
283682
739962
781021
8377740
5513119
5272830
7332752
5014107
1515515
9873812
8834528
8259830
3496065
239700
6606539
7675051
7148292
682816
442827
2790289
2857926
1760694
2920828
551873
7032363
8345164
6678974
6216095
3492500
7541518
9569789
4850999
9494457
1878208
5645629
680993
309978
6220807
5217984
6744005
5843235
4999237
2118713
7967639
2954436
1417514
7946569
5991485
1080161
5669978
2332691
913818
5428763
8035811
4959068
2853442
8604210
7438075
7271074
400319
2268719
8471680
9165038
181517
6178451
8454967
6089804
2756931
1924968
9429824
7613707
280368
7594623
1652867
7460687
6216132
5067100
6597750
7525792
7416658
1277022
596889
3269910
2224283
7108871
3813727
9947392
8667952
9657869
2644559
7890802
1589433
4663447
3663921
1815283
3534707
196082
4266129
6694307
8206114
9220592
1147768
5882707
6995080
4822793
6762266
6819303
2068483
1343382
4361965
5038817
2049231
1270340
2973565
7615153
5666168
2221553
5518539
7303093
1047571
2780579
8705001
6012987
2601724
4102991
3812609
4531781
9694519
8589841
9019061
1321144
2026316
2993321
2158685
957891
4505689
5983571
6289264
5031110
8967433
5138456
6612162
3797873
9037423
7194026
7606077
1543780
3940099
3514700
436638
3727864
4530340
5873001
2980140
9594299
7753985
7630856
1941952
6114902
9085270
7781672
2415468
2972192
1732157
1431102
9979617
2585940
7917270
6834027
3772197
4245263
6139569
7005386
1854685
3242934
7551967
340226
1320390
8235694
6052857
7584984
3188850
1403546
6813098
193633
9052748
3252509
9651823
7090674
9219774
2531944
9233500
723712
518422
8725419
