6629430
1068479
4457649
3884761
7669792
3503103
1326129
3403531
3312529
9129895
3174838
8814029
5494050
6866949
8866275
4698299
8489649
4261211
6768906
3880828
7487648
282517
3864665
7957130
1106327
1390853
8183120
2007815
878871
1952937
6661651
6811831
3247508
165179
638632
877881
4664518
2367368
6276916
3453656
5326272
7290679
4941318
1827058
8686418
7428486
6285977
4726331
5851298
1837427
5784982
9543283
10130067
5004091
1853150
3545877
2391684
9387175
9500433
6779459
6862467
8113632
8969634
1778215
9399292
390308
8649856
9079794
7393450
7882785
8021931
7558973
5061286
5582220
5772385
8405367
1480279
391006
211938
5892352
10311421
8844374
4746196
6530785
7157461
7531095
1962705
2812689
1952636
9118989
7524366
8150727
7611698
4274661
6953080
8036752
3858479
9012779
8798756
388358
8231196
3860400
5256890
1214750
543233
8676148
2684537
7524954
9744815
376452
5173300
9965433
2646646
9105913
9784450
7523562
